0.376934
0.678418
0.953127
0.739196
0.919423
0.151816
0.698041
0.370657
0.260795
0.082404
0.599367
0.242859
0.330993
0.632988
0.085896
0.675362
0.876886
0.457170
0.757208
0.176936
0.430636
0.933471
0.958283
0.646849
0.090730
0.819772
0.852998
0.120031
0.523724
0.984319
0.342782
0.588487
0.328112
0.198699
0.134860
0.841694
0.441644
0.034236
0.348340
0.981171
0.711695
0.243907
0.447346
0.614220
0.769040
0.416484
0.935621
0.712523
0.489323
0.891787
0.605122
0.547603
0.524698
0.902807
0.931115
0.738683
0.444802
0.395774
0.435718
0.934743
0.725437
0.589032
0.038422
0.169425
0.094365
0.481998
0.534761
0.944903
0.724904
0.623891
0.515992
0.597630
0.276756
0.273905
0.376934
0.752855
0.605638
0.439128
0.800194
0.351891
0.083961
0.128943
0.770128
0.969659
0.128935
0.553547
0.368115
0.168908
0.777547
0.187060
0.239048
0.812451
0.612071
0.707680
0.306841
0.225354
0.406089
0.164587
0.111210
0.574602
0.072964
0.107413
0.488965
0.547569
0.717872
0.869243
0.466903
0.304090
0.658131
0.239222
0.408462
0.751429
0.244645
0.826704
0.064305
0.131060
0.546599
0.242605
0.836571
0.560819
0.037343
0.330758
0.819681
0.307051
0.336641
0.939376
0.178592
0.862480
0.717448
0.883790
0.770124
0.382991
0.470812
0.305071
0.902603
0.726965
0.134234
0.769318
0.955107
0.356654
0.175511
0.498018
0.483382
0.865604
0.872268
0.635259
0.980421
0.273905
