0.981583
0.271185
0.442596
0.114199
0.868691
0.029589
0.885905
0.060205
0.656886
0.651950
0.396751
0.424994
0.218273
0.430048
0.856668
0.164879
0.962530
0.684104
0.860598
0.019462
0.337632
0.916253
0.046280
0.292771
0.113226
0.146756
0.960817
0.267593
0.633420
0.676677
0.952962
0.957836
0.742970
0.973239
0.057599
0.542371
0.211319
0.055072
0.901202
0.205721
0.658398
0.215661
0.418411
0.808807
0.087592
0.240046
0.543048
0.561835
0.245559
0.808101
0.588100
0.836765
0.897426
0.676137
0.844873
0.657134
0.555316
0.960192
0.851689
0.797114
0.715909
0.846954
0.308821
0.887231
0.911791
0.295056
0.595791
0.232224
0.406114
0.881255
0.151496
0.616375
0.966850
0.286746
0.981583
0.626228
0.877304
0.538249
0.438275
0.058083
0.853683
0.633420
0.971953
0.353111
0.791226
0.662154
0.368571
0.855458
0.210986
0.555888
0.829356
0.732989
0.290398
0.125677
0.569985
0.069940
0.478597
0.459463
0.294238
0.595057
0.185582
0.421452
0.974953
0.710200
0.714458
0.002528
0.695518
0.865300
0.571954
0.824320
0.298511
0.092831
0.061844
0.101686
0.482863
0.701004
0.260704
0.902510
0.339207
0.560890
0.691962
0.406790
0.542264
0.365815
0.568267
0.593139
0.163159
0.929505
0.966276
0.933122
0.446961
0.549782
0.256719
0.888827
0.866971
0.219635
0.310393
0.604411
0.696521
0.427972
0.329838
0.574586
0.316290
0.987813
0.791795
0.480260
0.667480
0.286746
