0.458514
0.058106
0.451559
0.682698
0.740411
0.593018
0.231148
0.477712
0.453916
0.382353
0.644679
0.132135
0.708777
0.074169
0.410533
0.513084
0.632066
0.001338
0.530043
0.366884
0.350016
0.405804
0.425220
0.707557
0.181141
0.438909
0.340867
0.026731
0.562033
0.327887
0.197875
0.116973
0.026710
0.862245
0.990402
0.550751
0.472117
0.391269
0.688662
0.275708
0.514978
0.199428
0.309876
0.616086
0.870322
0.039932
0.093957
0.214883
0.150029
0.845365
0.556709
0.215322
0.307446
0.765606
0.643439
0.332506
0.760214
0.470843
0.404656
0.130384
0.842726
0.987577
0.349233
0.160677
0.426954
0.246303
0.024837
0.145604
0.540250
0.933997
0.787509
0.283461
0.412897
0.754097
0.175414
0.104208
0.876947
0.936361
0.740601
0.839038
0.944324
0.152600
0.438259
0.997278
0.858150
0.508484
0.502013
0.786599
0.526353
0.975182
0.500853
0.443201
0.739638
0.887045
0.582621
0.873816
0.609056
0.097422
0.781063
0.949852
0.721655
0.844373
0.520080
0.225728
0.566877
0.534454
0.460584
0.817554
0.421402
0.337944
0.205922
0.885850
0.443471
0.870849
0.038435
0.901136
0.845922
0.258077
0.459462
0.056791
0.955756
0.727390
0.275521
0.984842
0.716346
0.881013
0.428307
0.460010
0.431912
0.046487
0.488980
0.646472
0.913505
0.987473
0.280894
0.091061
0.454699
0.177182
0.217327
0.202650
0.707831
0.286874
0.662710
0.631053
0.239608
0.184777
0.937931
0.232948
0.213853
0.506811
0.386838
0.161646
0.411559
0.120788
0.770755
0.762309
0.662449
0.488922
0.331242
0.648126
0.947763
0.111079
0.608774
0.718982
0.780506
0.224176
0.340066
0.467844
0.457417
0.790572
0.223433
0.483194
0.554140
0.398361
0.360161
0.175911
0.349857
0.728519
0.706545
0.799001
0.000980
0.707452
0.371300
