0.867958
0.020750
0.440730
0.652832
0.078971
0.372892
0.955720
0.746548
0.839356
0.856782
0.666913
0.886460
0.369946
0.334944
0.558648
0.186038
0.227647
0.392713
0.998300
0.991157
0.558648
0.680967
0.949090
0.508082
0.494871
0.652832
0.610616
0.189398
0.845248
0.018980
0.488323
0.621335
0.659874
0.896552
0.766726
0.964698
0.901437
0.196269
0.294921
0.134857
0.910872
0.652832
0.294921
0.666913
0.252167
0.088109
0.292664
0.319514
0.544950
0.901437
0.153709
0.045735
0.019408
0.475349
0.607295
0.915418
0.932418
0.827331
0.779952
0.680967
0.746548
0.501457
0.462545
0.223749
0.329745
0.910872
0.792968
0.531367
0.753315
0.481816
0.294921
0.514742
0.494871
0.102105
0.867958
0.932418
0.162447
0.294921
0.378532
0.924159
0.766726
0.309508
0.203341
0.687978
0.011817
0.551785
0.314483
0.910872
0.760042
0.319514
0.524622
0.016048
0.410341
0.194624
0.150886
0.666913
0.309508
0.278663
0.991157
0.862416
0.808743
0.928349
0.915418
0.106169
0.607295
0.398537
0.901437
0.851058
0.538143
0.012370
0.381222
0.364388
0.003103
0.821206
0.098179
0.551785
0.416320
0.404413
0.991157
0.534929
0.645787
0.732903
0.107262
0.815009
0.579380
0.961834
0.097269
0.839356
0.304589
0.443672
0.294921
0.437474
0.398537
0.196269
0.694975
0.475349
0.386941
0.065784
0.881257
0.538143
0.739743
0.673945
0.148107
0.100125
0.732903
0.049752
0.789564
0.102105
