0.879061
0.171870
0.166374
0.655520
0.708482
0.552959
0.545703
0.757882
0.678884
0.516474
0.014207
0.242002
0.343788
0.434223
0.299280
0.406450
0.325310
0.787315
0.592310
0.187233
0.872882
0.642987
0.746337
0.482659
0.066625
0.668710
0.722556
0.009884
0.670350
0.982319
0.200259
0.725553
0.929130
0.030446
0.975978
0.165127
0.950518
0.640256
0.797813
0.842584
0.018442
0.702815
0.893412
0.200428
0.181761
0.847527
0.741233
0.044939
0.136465
0.010406
0.007705
0.872881
0.106737
0.697874
0.929904
0.243774
0.669520
0.654132
0.482649
0.389501
0.657356
0.745370
0.993531
0.681421
0.356538
0.607259
0.870993
0.339030
0.301162
0.447403
0.635437
0.241962
0.229345
0.240391
0.402934
0.495433
0.264521
0.509241
0.117982
0.886756
0.003810
0.036572
0.839606
0.039338
0.518136
0.939949
0.417292
0.329338
0.221685
0.045743
0.459462
0.668715
0.304371
0.918678
0.255949
0.505283
0.705426
0.144666
0.568684
0.175049
0.926037
0.322393
0.805683
0.061461
0.465695
0.923801
0.136913
0.393805
0.362783
0.855366
0.631225
0.885483
0.467891
0.357046
0.912746
0.794906
0.879124
0.335133
0.810356
0.121571
0.398208
0.279272
0.936267
0.350278
0.554938
0.531880
0.808780
0.714440
0.271712
0.465170
0.192243
0.910410
0.444809
0.517108
0.672985
0.712856
0.679157
0.877616
0.921907
0.154420
0.040366
0.401225
0.490977
0.640640
0.767090
0.218579
0.340912
0.510634
0.537064
0.489674
0.035039
0.011970
0.026924
0.439745
0.350558
0.142391
0.479057
0.896050
0.048836
0.620121
0.497702
0.654288
0.203534
0.351766
0.277522
0.405757
0.665741
0.582232
0.943410
0.550402
0.853629
0.278726
0.694797
0.715986
0.543799
0.009318
0.798911
0.525143
0.614648
0.760585
0.494915
0.045688
0.208030
0.864931
