0.526177
0.725234
0.632535
0.961488
0.233903
0.528310
0.010934
0.698720
0.198894
0.632754
0.389879
0.945571
0.333644
0.107104
0.425818
0.865071
0.019660
0.272803
0.712776
0.142497
0.551178
0.814250
0.661588
0.909513
0.676029
0.905141
0.733962
0.886173
0.049195
0.594606
0.293736
0.574011
0.907425
0.976195
0.238866
0.990851
0.336134
0.411149
0.075458
0.352117
0.765328
0.765032
0.414086
0.440023
0.759650
0.784397
0.647253
0.955980
0.943275
0.016490
0.142524
0.181086
0.547057
0.684116
0.154902
0.106591
0.408546
0.923747
0.634417
0.494375
0.233062
0.572390
0.288496
0.679119
0.169811
0.957691
0.213009
0.455620
0.879170
0.375683
0.770907
0.249574
0.794873
0.496548
0.526177
0.770001
0.227278
0.301817
0.069301
0.923865
0.165055
0.435718
0.945259
0.410616
0.512011
0.500710
0.291656
0.904606
0.221216
0.250126
0.363434
0.809679
0.340009
0.132059
0.924819
0.803115
0.389936
0.998458
0.196983
0.174886
0.223150
0.436816
0.793317
0.677858
0.653530
0.550031
0.404309
0.669533
0.185434
0.995788
0.098613
0.855444
0.579975
0.807849
0.160591
0.529061
0.012310
0.776190
0.063479
0.100281
0.814841
0.761023
0.328589
0.142515
0.978626
0.416111
0.067105
0.799816
0.751665
0.050060
0.467779
0.297024
0.478767
0.097338
0.593543
0.488086
0.244801
0.515306
0.291146
0.440709
0.995187
0.856542
0.072979
0.187319
0.302258
0.085150
0.062758
0.496548
