0.365401
0.875408
0.505191
0.934374
0.098648
0.082498
0.218135
0.457536
0.290225
0.666603
0.608479
0.521995
0.059689
0.260410
0.304010
0.359693
0.407238
0.458182
0.530292
0.667263
0.168666
0.168690
0.272912
0.013575
0.431819
0.419631
0.663415
0.689006
0.640088
0.056740
0.417790
0.447220
0.588357
0.744589
0.250824
0.138537
0.317718
0.374447
0.439070
0.328742
0.601372
0.244475
0.861242
0.596383
0.048411
0.082990
0.295492
0.288020
0.793861
0.483300
0.737327
0.839077
0.141117
0.632716
0.619464
0.470041
0.643824
0.592305
0.835981
0.872535
0.780726
0.791680
0.829147
0.895720
0.106371
0.480560
0.396952
0.455814
0.955182
0.888783
0.473351
0.584332
0.336331
0.608764
0.991280
0.986922
0.373695
0.039802
0.513871
0.940478
0.207620
0.038367
0.015044
0.016678
0.855935
0.856913
0.116406
0.363210
0.808210
0.963443
0.633930
0.681523
0.492426
0.444361
0.668084
0.754942
0.358696
0.429688
0.407635
0.587370
0.246781
0.070639
0.263578
0.034681
0.922665
0.775122
0.786156
0.713097
0.131386
0.076149
0.517647
0.350284
0.321644
0.402759
0.361851
0.119626
0.596019
0.406610
0.471925
0.666008
0.789139
0.842877
0.394883
0.149537
0.316263
0.193089
0.109437
0.039741
0.114721
0.362465
0.349478
0.194819
0.480078
0.481641
0.996415
0.981155
0.403175
0.620555
0.638840
0.681523
0.919900
0.686563
0.957500
0.687336
0.725641
0.229905
0.590052
0.437654
0.449681
0.300321
0.962736
0.981756
0.654379
0.427772
0.331313
0.808647
0.838513
0.546542
0.067935
0.087260
0.239435
0.419984
0.892406
0.992458
0.328169
0.193434
0.262246
0.610504
0.561752
0.733059
0.663602
0.730422
0.405056
0.387247
0.528764
0.498459
0.358696
0.562725
0.065341
0.208276
0.193471
0.589416
0.643919
0.318565
0.899707
0.680550
0.339506
0.285197
0.014901
0.003386
0.210993
0.619380
0.851330
0.711982
0.664444
0.276448
0.333354
0.179214
0.672728
0.872573
0.616041
0.209258
0.353743
0.408715
0.779889
0.844886
0.413900
0.321469
0.051524
0.112716
0.084491
0.112922
0.331962
0.153416
0.974937
0.993436
0.976515
0.707438
0.115512
0.043493
0.951712
0.851994
0.452922
0.458828
0.626282
0.958588
0.646402
0.789585
0.343444
0.390571
0.929487
0.771228
0.481914
0.724199
0.795251
0.677363
0.289264
0.181292
0.596714
0.589134
0.184172
0.191613
0.517647
0.592938
0.574945
0.686434
0.649353
0.366875
0.947007
0.854050
0.281289
0.298817
0.685316
0.363549
0.178663
0.562297
0.373502
0.282509
0.815356
0.938212
0.897145
0.444575
0.430914
0.228105
0.285784
0.440363
0.987268
0.937224
0.472230
0.415327
0.440987
0.570496
0.084846
0.256507
0.172348
0.019043
0.828493
0.867555
0.901642
0.577816
0.553256
0.471409
0.116057
0.107917
0.487015
0.389185
0.764208
0.566649
0.445532
0.118590
0.398431
0.554143
0.826258
0.885495
0.723669
0.641906
0.713008
0.709559
0.871887
0.523438
0.000905
0.001776
0.607986
0.267122
0.402977
0.391681
0.089398
0.004461
0.368094
0.339314
0.450795
0.383517
0.713882
0.589134
0.544737
0.021716
0.484056
0.643328
0.266587
0.570140
0.195154
0.450798
0.585063
0.520624
0.086758
0.517593
0.763417
0.660373
0.336331
0.338653
0.674393
0.820625
0.819713
0.814696
0.109533
0.125900
0.253348
0.214314
0.256789
0.411947
0.182954
0.012018
0.842326
0.594415
0.220094
0.198709
0.761351
0.544244
0.708884
0.933716
0.963672
0.853924
0.526216
0.464431
0.955060
0.829040
0.055673
0.149036
0.424191
0.236517
0.019218
0.401571
0.461650
0.624209
0.842883
0.940500
0.637206
0.624622
