0.227775
0.285871
0.276522
0.232988
0.227989
0.155057
0.288493
0.412034
0.419498
0.734563
0.925730
0.515784
0.185419
0.143224
0.121605
0.102156
0.064777
0.081405
0.000000
0.000000
0.000000
0.000000
0.000000
0.000000
0.000000
0.000000
0.000000
0.000000
0.000000
0.000000
0.000000
0.000000
0.000000
0.000000
0.000000
0.000000
0.682619
0.575704
0.817504
0.994733
0.878190
0.507946
0.474737
0.613109
0.693501
0.726100
0.463449
0.196183
0.349721
0.726100
0.952622
0.752175
0.679836
0.881800
0.028190
0.023069
0.055958
0.077219
0.120504
0.251281
0.644787
0.699676
0.984769
0.082352
0.247160
0.393252
0.390545
0.260032
0.235736
0.270773
0.240751
0.315034
0.000000
0.000000
0.000000
0.000000
0.000000
0.000000
0.000000
0.000000
0.000000
0.000000
0.000000
0.000000
0.000000
0.000000
0.000000
0.000000
0.000000
0.000000
0.040894
0.046534
0.066023
0.234289
0.552481
0.820384
0.914424
0.578948
0.389219
0.968055
0.817146
0.700188
0.303339
0.430923
0.446823
0.530289
0.828093
0.984501
0.194317
0.231843
0.360315
0.598288
0.994191
0.649782
0.544757
0.989938
0.484575
0.694196
0.544966
0.494113
0.535798
0.646453
0.702479
0.870072
0.959519
0.898828
0.206923
0.315973
0.278283
0.201204
0.178518
0.142131
0.187898
0.670835
0.878949
0.611683
0.941586
0.440156
0.442767
0.374311
0.217872
0.195186
0.248701
0.222854
0.000000
0.000000
0.000000
0.000000
0.000000
0.000000
0.000000
0.000000
0.000000
0.000000
0.000000
0.000000
0.000000
0.000000
0.000000
0.000000
0.000000
0.000000
0.000000
0.000000
0.000000
0.000000
0.000000
0.000000
0.000000
0.000000
0.000000
0.000000
0.000000
0.000000
0.000000
0.000000
0.000000
0.000000
0.000000
0.000000
0.487978
0.346100
0.286726
0.354181
0.385501
0.349476
0.285137
0.537883
0.700896
0.405274
0.183321
0.077478
0.054908
0.044112
0.065746
0.070131
0.049821
0.032556
0.932078
0.807009
0.589330
0.560057
0.438389
0.208860
0.222088
0.217596
0.203906
0.685125
0.417044
0.321538
0.449609
0.558082
0.918851
0.538700
0.299981
0.236652
0.000000
0.000000
0.000000
0.000000
0.000000
0.000000
0.000000
0.000000
0.000000
0.000000
0.000000
0.000000
0.000000
0.000000
0.000000
0.000000
0.000000
0.000000
0.186582
0.090037
0.090447
0.213250
0.387760
0.370074
0.485666
0.534468
0.524264
0.930010
0.899118
0.738471
0.842118
0.671184
0.371437
0.198789
0.067060
0.052559
0.179324
0.166793
0.149338
0.130376
0.310699
0.701598
0.990725
0.718712
0.193708
0.193708
0.489977
0.545519
0.491623
0.603151
0.572554
0.316294
0.207030
0.228534
0.000000
0.000000
0.000000
0.000000
0.000000
0.000000
0.000000
0.000000
0.000000
0.000000
0.000000
0.000000
0.000000
0.000000
0.000000
0.000000
0.000000
0.000000
0.975284
0.786804
0.696738
0.908010
0.952463
0.961491
0.854945
0.469815
0.357700
0.818139
0.701337
0.680832
0.900100
0.858062
0.993854
0.619882
0.402156
0.318456
0.271579
0.213078
0.303068
0.340904
0.430894
0.488543
0.713894
0.966687
0.942334
0.884969
0.577633
0.589774
0.763608
0.878627
0.833018
0.583434
0.631668
0.851553
0.000000
0.000000
0.000000
0.000000
0.000000
0.000000
0.000000
0.000000
0.000000
0.000000
0.000000
0.000000
0.000000
0.000000
0.000000
0.000000
0.000000
0.000000
0.000000
0.000000
0.000000
0.000000
0.000000
0.000000
0.000000
0.000000
0.000000
0.000000
0.000000
0.000000
0.000000
0.000000
0.000000
0.000000
0.000000
0.000000
0.000000
0.000000
0.000000
0.000000
0.000000
0.000000
0.000000
0.000000
0.000000
0.000000
0.000000
0.000000
0.000000
0.000000
0.000000
0.000000
0.000000
0.000000
0.324193
0.399374
0.407955
0.313330
0.297759
0.666179
0.978567
0.555455
0.221909
0.186306
0.398700
0.667311
0.544867
0.753741
0.818539
0.751578
0.844245
0.712055
0.726574
0.682623
0.758002
0.977259
0.740717
0.720836
0.568137
0.204405
0.210313
0.687823
0.389947
0.472275
0.661572
0.586698
0.441500
0.427657
0.664799
0.836500
0.845125
0.930225
0.990620
0.725226
0.552870
0.665309
0.362842
0.048819
0.078543
0.373359
0.321587
0.477141
0.773043
0.661362
0.494106
0.568533
0.665499
0.669620
0.026444
0.079573
0.074739
0.173403
0.292103
0.207591
0.388662
0.681021
0.875803
0.986145
0.888371
0.686329
0.698568
0.821392
0.733602
0.661175
0.713118
0.929521
0.255450
0.401735
0.414817
0.260997
0.352993
0.551455
0.757032
0.911658
0.802730
0.954028
0.885318
0.348894
0.257191
0.626386
0.907747
0.894001
0.842679
0.896171
0.701111
0.597797
0.541101
0.361756
0.253525
0.292604
0.560358
0.473336
0.229393
0.336281
0.495008
0.430487
0.268975
0.332936
0.421798
0.225824
0.172103
0.245569
0.000000
0.000000
0.000000
0.000000
0.000000
0.000000
0.000000
0.000000
0.000000
0.000000
0.000000
0.000000
0.000000
0.000000
0.000000
0.000000
0.000000
0.000000
0.000000
0.000000
0.000000
0.000000
0.000000
0.000000
0.000000
0.000000
0.000000
0.000000
0.000000
0.000000
0.000000
0.000000
0.000000
0.000000
0.000000
0.000000
0.000000
0.000000
0.000000
0.000000
0.000000
0.000000
0.000000
0.000000
0.000000
0.000000
0.000000
0.000000
0.000000
0.000000
0.000000
0.000000
0.000000
0.000000
0.335102
0.364017
0.535946
0.664854
0.918834
0.411997
0.234267
0.289597
0.210058
0.375318
0.750711
0.989092
0.711568
0.289240
0.268685
0.387126
0.487296
0.553072
0.000000
0.000000
0.000000
0.000000
0.000000
0.000000
0.000000
0.000000
0.000000
0.000000
0.000000
0.000000
0.000000
0.000000
0.000000
0.000000
0.000000
0.000000
0.000000
0.000000
0.000000
0.000000
0.000000
0.000000
0.000000
0.000000
0.000000
0.000000
0.000000
0.000000
0.000000
0.000000
0.000000
0.000000
0.000000
0.000000
0.304345
0.206526
0.226910
0.158828
0.052494
0.065783
0.338123
0.545673
0.661304
0.318316
0.015648
0.006292
0.040219
0.150992
0.406952
0.534564
0.382369
0.347930
0.110202
0.138993
0.235475
0.302175
0.360353
0.509957
0.474821
0.370969
0.428979
0.759079
0.888825
0.942453
0.995132
0.952804
0.872403
0.753991
0.608208
0.721647
0.000760
0.002880
0.007873
0.012827
0.042985
0.117407
0.077100
0.008562
0.049924
0.824813
0.370994
0.213313
0.117407
0.142869
0.163906
0.114404
0.104199
0.105599
0.098510
0.179461
0.141916
0.064220
0.112143
0.412906
0.666773
0.922505
0.980797
0.531430
0.388902
0.532403
0.668949
0.942434
0.810721
0.830837
0.842359
0.990684
0.238854
0.405067
0.694095
0.558072
0.414569
0.581862
0.638982
0.762029
0.712062
0.683318
0.919599
0.689435
0.648952
0.974172
0.828433
0.800096
0.759637
0.755835
0.565491
0.765653
0.532958
0.438035
0.766436
0.890409
0.644138
0.953379
0.598492
0.839505
0.543167
0.409818
0.505432
0.304827
0.167571
0.345338
0.540657
0.458262
0.000000
0.000000
0.000000
0.000000
0.000000
0.000000
0.000000
0.000000
0.000000
0.000000
0.000000
0.000000
0.000000
0.000000
0.000000
0.000000
0.000000
0.000000
0.200102
0.167570
0.164382
0.314579
0.543392
0.695420
0.623401
0.376102
0.590138
0.547982
0.914275
0.933547
0.943818
0.835879
0.557099
0.395115
0.332956
0.130434
0.763595
0.770023
0.816707
0.654838
0.246374
0.266729
0.433249
0.455011
0.725996
0.084469
0.041457
0.093779
0.126417
0.169172
0.090901
0.056573
0.037414
0.060587
0.000000
0.000000
0.000000
0.000000
0.000000
0.000000
0.000000
0.000000
0.000000
0.000000
0.000000
0.000000
0.000000
0.000000
0.000000
0.000000
0.000000
0.000000
0.000000
0.000000
0.000000
0.000000
0.000000
0.000000
0.000000
0.000000
0.000000
0.000000
0.000000
0.000000
0.000000
0.000000
0.000000
0.000000
0.000000
0.000000
0.000000
0.000000
0.000000
0.000000
0.000000
0.000000
0.000000
0.000000
0.000000
0.000000
0.000000
0.000000
0.000000
0.000000
0.000000
0.000000
0.000000
0.000000
0.310438
0.182860
0.168394
0.262749
0.391163
0.463471
0.550662
0.520001
0.509043
0.934216
0.993663
0.648918
0.385212
0.242270
0.352829
0.697145
0.714473
0.647597
0.000000
0.000000
0.000000
0.000000
0.000000
0.000000
0.000000
0.000000
0.000000
0.000000
0.000000
0.000000
0.000000
0.000000
0.000000
0.000000
0.000000
0.000000
0.000000
0.000000
0.000000
0.000000
0.000000
0.000000
0.000000
0.000000
0.000000
0.000000
0.000000
0.000000
0.000000
0.000000
0.000000
0.000000
0.000000
0.000000
0.000000
0.000000
0.000000
0.000000
0.000000
0.000000
0.000000
0.000000
0.000000
0.000000
0.000000
0.000000
0.000000
0.000000
0.000000
0.000000
0.000000
0.000000
0.003794
0.005642
0.015458
0.033648
0.023477
0.024756
0.042725
0.225390
0.933942
0.933942
0.632261
0.911454
0.754066
0.461261
0.275146
0.555162
0.994308
0.819775
0.781957
0.808967
0.739339
0.936714
0.860638
0.790683
0.723855
0.600490
0.976657
0.618889
0.554339
1.000000
0.674299
0.625783
0.691365
0.826561
0.768266
0.798353
0.814064
0.789833
0.993078
0.939855
0.933522
0.740612
0.556840
0.459025
0.260123
0.381108
0.073788
0.018765
0.041997
0.171965
0.098840
0.081192
0.164779
0.309338
0.679059
0.980477
0.958074
0.939259
0.907784
0.667303
0.601158
0.535171
0.242454
0.376397
0.912857
0.921221
0.756219
0.792350
0.633893
0.335146
0.311804
0.430004
0.209128
0.169805
0.219117
0.376126
0.421928
0.276356
0.181053
0.276948
0.454644
0.438110
0.224326
0.340285
0.571934
0.941133
0.763731
0.718112
0.736828
0.973210
0.251272
0.333304
0.326950
0.238857
0.146293
0.171931
0.660133
0.758951
0.275906
0.366239
0.082963
0.013890
0.016824
0.019821
0.025914
0.079400
0.098202
0.097632
0.000000
0.000000
0.000000
0.000000
0.000000
0.000000
0.000000
0.000000
0.000000
0.000000
0.000000
0.000000
0.000000
0.000000
0.000000
0.000000
0.000000
0.000000
0.000000
0.000000
0.000000
0.000000
0.000000
0.000000
0.000000
0.000000
0.000000
0.000000
0.000000
0.000000
0.000000
0.000000
0.000000
0.000000
0.000000
0.000000
0.000000
0.000000
0.000000
0.000000
0.000000
0.000000
0.000000
0.000000
0.000000
0.000000
0.000000
0.000000
0.000000
0.000000
0.000000
0.000000
0.000000
0.000000
0.285107
0.295707
0.284446
0.112417
0.095393
0.176811
0.172659
0.137423
0.070210
0.167053
0.302275
0.609077
0.814899
0.943024
0.977079
0.963110
0.975465
0.871477
0.000000
0.000000
0.000000
0.000000
0.000000
0.000000
0.000000
0.000000
0.000000
0.000000
0.000000
0.000000
0.000000
0.000000
0.000000
0.000000
0.000000
0.000000
0.000000
0.000000
0.000000
0.000000
0.000000
0.000000
0.000000
0.000000
0.000000
0.000000
0.000000
0.000000
0.000000
0.000000
0.000000
0.000000
0.000000
0.000000
0.440118
0.496754
0.493507
0.467877
0.577044
0.632550
0.547012
0.850498
0.487850
0.106982
0.061061
0.171082
0.396263
0.591058
0.626961
0.567619
0.978985
0.549313
0.862551
0.957326
0.969434
0.626971
0.559665
0.448942
0.307974
0.719634
0.817885
0.628700
0.831553
0.836825
0.701763
0.504280
0.221735
0.263728
0.460980
0.461008
0.996594
0.970998
0.849010
0.803034
0.901944
0.857453
0.918497
0.807320
0.659922
0.549554
0.662141
0.614426
0.417019
0.167977
0.094592
0.110426
0.175652
0.315777
0.694577
0.385300
0.340443
0.347880
0.315102
0.356237
0.224705
0.195598
0.920640
0.383352
0.420660
0.475924
0.486036
0.544472
0.668614
0.653422
0.520166
0.411335
0.000000
0.000000
0.000000
0.000000
0.000000
0.000000
0.000000
0.000000
0.000000
0.000000
0.000000
0.000000
0.000000
0.000000
0.000000
0.000000
0.000000
0.000000
0.734413
0.762599
0.767032
0.612781
0.702838
0.583743
0.350995
0.402610
0.524893
0.263121
0.394407
0.767442
0.424954
0.304990
0.466315
0.876676
0.989521
0.767167
0.000000
0.000000
0.000000
0.000000
0.000000
0.000000
0.000000
0.000000
0.000000
0.000000
0.000000
0.000000
0.000000
0.000000
0.000000
0.000000
0.000000
0.000000
0.000000
0.000000
0.000000
0.000000
0.000000
0.000000
0.000000
0.000000
0.000000
0.000000
0.000000
0.000000
0.000000
0.000000
0.000000
0.000000
0.000000
0.000000
0.140534
0.149428
0.163170
0.145527
0.135991
0.160059
0.255093
0.492938
0.547509
0.805088
0.184586
0.145574
0.291375
0.299046
0.321933
0.281057
0.187467
0.206111
0.656577
0.878512
0.750641
0.817844
0.528562
0.315715
0.334509
0.284848
0.268022
0.702505
0.799812
0.811003
0.248139
0.053755
0.076153
0.057937
0.038827
0.043443
0.000000
0.000000
0.000000
0.000000
0.000000
0.000000
0.000000
0.000000
0.000000
0.000000
0.000000
0.000000
0.000000
0.000000
0.000000
0.000000
0.000000
0.000000
0.237831
0.380434
0.643499
0.593980
0.837357
0.636192
0.413738
0.246702
0.265940
0.564550
0.739429
0.852001
0.685144
0.605505
0.880969
0.596856
0.432588
0.534251
0.211415
0.462058
0.496941
0.480396
0.557459
0.665731
0.858329
0.761304
0.785512
0.785512
0.801509
0.733271
0.972648
0.799495
0.677599
0.852303
0.789458
0.546615
0.000000
0.000000
0.000000
0.000000
0.000000
0.000000
0.000000
0.000000
0.000000
0.000000
0.000000
0.000000
0.000000
0.000000
0.000000
0.000000
0.000000
0.000000
0.232590
0.234071
0.385024
0.646460
0.811390
0.946067
0.362582
0.130733
0.359013
0.893220
0.669932
0.528488
0.594232
0.834601
0.989236
0.691287
0.521406
0.610022
0.000000
0.000000
0.000000
0.000000
0.000000
0.000000
0.000000
0.000000
0.000000
0.000000
0.000000
0.000000
0.000000
0.000000
0.000000
0.000000
0.000000
0.000000
0.133291
0.134325
0.230641
0.500002
0.491606
0.465030
0.392700
0.474772
0.761082
0.339265
0.429544
0.553526
0.500867
0.442849
0.491716
0.651431
0.728081
0.800390
0.472084
0.404468
0.160459
0.135428
0.162392
0.262448
0.578643
1.000000
0.534652
0.401894
0.435560
0.588174
0.622125
0.626692
0.439960
0.350174
0.518738
0.592917
0.000000
0.000000
0.000000
0.000000
0.000000
0.000000
0.000000
0.000000
0.000000
0.000000
0.000000
0.000000
0.000000
0.000000
0.000000
0.000000
0.000000
0.000000
0.000000
0.000000
0.000000
0.000000
0.000000
0.000000
0.000000
0.000000
0.000000
0.000000
0.000000
0.000000
0.000000
0.000000
0.000000
0.000000
0.000000
0.000000
0.000000
0.000000
0.000000
0.000000
0.000000
0.000000
0.000000
0.000000
0.000000
0.000000
0.000000
0.000000
0.000000
0.000000
0.000000
0.000000
0.000000
0.000000
0.172668
0.333128
0.635267
0.882077
0.673248
0.908356
0.875122
0.946081
0.760703
0.673248
0.978418
0.916558
0.908356
0.857458
0.926835
0.804978
0.615623
0.528235
0.000000
0.000000
0.000000
0.000000
0.000000
0.000000
0.000000
0.000000
0.000000
0.000000
0.000000
0.000000
0.000000
0.000000
0.000000
0.000000
0.000000
0.000000
0.000000
0.000000
0.000000
0.000000
0.000000
0.000000
0.000000
0.000000
0.000000
0.000000
0.000000
0.000000
0.000000
0.000000
0.000000
0.000000
0.000000
0.000000
0.000000
0.000000
0.000000
0.000000
0.000000
0.000000
0.000000
0.000000
0.000000
0.000000
0.000000
0.000000
0.000000
0.000000
0.000000
0.000000
0.000000
0.000000
0.000000
0.000000
0.000000
0.000000
0.000000
0.000000
0.000000
0.000000
0.000000
0.000000
0.000000
0.000000
0.000000
0.000000
0.000000
0.000000
0.000000
0.000000
0.977944
0.746125
0.879382
0.950670
0.993937
0.951902
0.698436
0.384999
0.326930
0.326930
0.477225
0.870416
0.776138
0.975750
0.522648
0.490690
0.528794
0.565257
0.597714
0.456983
0.495454
0.706474
0.480751
0.303982
0.339581
0.121880
0.039894
0.276656
0.306056
0.465537
1.000000
0.591119
0.597188
0.724835
0.929538
0.487798
0.102277
0.142850
0.117750
0.233481
0.298961
0.094683
0.042166
0.191366
0.861804
0.078716
0.191366
0.418148
0.457188
0.519519
0.577968
0.572154
0.624192
0.839404
0.000000
0.000000
0.000000
0.000000
0.000000
0.000000
0.000000
0.000000
0.000000
0.000000
0.000000
0.000000
0.000000
0.000000
0.000000
0.000000
0.000000
0.000000
0.000000
0.000000
0.000000
0.000000
0.000000
0.000000
0.000000
0.000000
0.000000
0.000000
0.000000
0.000000
0.000000
0.000000
0.000000
0.000000
0.000000
0.000000
0.234100
0.258575
0.190474
0.101191
0.250499
0.944065
0.748812
0.951166
0.671349
0.089661
0.048262
0.336745
0.695871
0.565583
0.410194
0.422734
0.546813
0.777181
0.123375
0.111004
0.095427
0.055439
0.055216
0.129800
0.118896
0.203118
0.356609
0.100323
0.292394
0.584588
0.738926
0.984011
0.856156
0.828390
0.876640
0.811756
0.846655
0.991987
0.779110
0.929912
0.645327
0.680610
0.465040
0.163834
0.220497
0.626830
0.839833
0.682706
0.494227
0.459898
0.231619
0.107975
0.105903
0.085997
0.000000
0.000000
0.000000
0.000000
0.000000
0.000000
0.000000
0.000000
0.000000
0.000000
0.000000
0.000000
0.000000
0.000000
0.000000
0.000000
0.000000
0.000000
0.901202
0.798110
0.530407
0.455209
0.390564
0.424398
0.947014
0.440017
0.165453
0.105636
0.132017
0.178976
0.200773
0.096482
0.099384
0.168075
0.164585
0.121193
0.000000
0.000000
0.000000
0.000000
0.000000
0.000000
0.000000
0.000000
0.000000
0.000000
0.000000
0.000000
0.000000
0.000000
0.000000
0.000000
0.000000
0.000000
0.168869
0.289782
0.424335
0.501983
0.571728
0.962708
0.681096
0.683185
0.887572
0.185035
0.513761
0.763931
0.517046
0.532354
0.705198
0.563020
0.424573
0.474125
0.000000
0.000000
0.000000
0.000000
0.000000
0.000000
0.000000
0.000000
0.000000
0.000000
0.000000
0.000000
0.000000
0.000000
0.000000
0.000000
0.000000
0.000000
0.312687
0.279753
0.433787
0.546688
0.765783
0.978725
0.991608
0.849236
0.638098
0.689299
0.673812
0.548838
0.831065
0.789825
0.686077
0.710045
0.985466
0.873109
0.085399
0.150303
0.098508
0.057509
0.100430
0.107035
0.182864
0.353492
0.230163
0.637352
0.674033
0.722920
0.789268
0.663060
0.596270
0.572362
0.694459
0.515940
0.651130
0.607034
0.482225
0.433530
0.625065
0.923228
0.764701
0.513614
0.655460
0.621309
0.311523
0.373029
0.311603
0.266928
0.430714
0.449790
0.502435
0.410381
0.249476
0.238282
0.165773
0.160204
0.264651
0.650591
0.663701
0.410836
0.856457
0.455573
0.441178
0.221128
0.108129
0.182192
0.172731
0.074914
0.049133
0.036184
0.439951
0.454447
0.328453
0.237838
0.200936
0.248426
0.168414
0.043466
0.015212
0.250807
0.442187
0.362596
0.364110
0.413475
0.653753
0.717398
0.690927
0.924353
0.000000
0.000000
0.000000
0.000000
0.000000
0.000000
0.000000
0.000000
0.000000
0.000000
0.000000
0.000000
0.000000
0.000000
0.000000
0.000000
0.000000
0.000000
0.299497
0.513969
0.746260
0.873566
0.759943
0.468801
0.463599
0.630428
0.889538
0.697358
0.653395
0.881497
0.776814
0.591242
0.546494
0.717280
0.948533
0.914159
0.906622
0.908536
0.788488
0.595561
0.661024
0.935894
0.910450
0.946570
0.801433
0.287326
0.288657
0.271875
0.392276
0.561667
0.833680
0.987157
0.952203
0.958838
0.683684
0.759133
0.515246
0.328025
0.297082
0.324491
0.161829
0.215914
0.562397
0.562397
0.323825
0.650288
0.701601
0.892480
0.766525
0.618442
0.637535
0.673396
0.655834
0.669874
0.739604
0.923238
0.922212
0.824747
0.876957
0.793797
0.769566
0.873049
0.926497
0.575642
0.864133
0.569945
0.436055
0.383445
0.280341
0.280742
0.639593
0.824265
0.876209
0.683646
0.879095
0.899695
0.694708
0.453322
0.439945
0.550663
0.400297
0.765489
0.671145
0.367588
0.250808
0.370403
0.827794
0.844750
0.571894
0.358552
0.440120
0.699875
0.807105
0.987951
0.905181
0.865670
0.759366
0.274801
0.969332
0.474784
0.542472
0.803669
0.961568
0.949931
0.939697
0.876787
0.972652
0.676177
0.393231
0.158196
0.040149
0.026009
0.085281
0.110507
0.020958
0.025733
0.185541
0.469402
0.392654
0.168553
0.191218
0.183988
0.102207
0.131441
0.484093
0.483009
0.543983
0.586663
0.591305
0.472828
0.471286
0.878643
0.580281
0.810002
0.559896
0.829735
0.560851
0.395605
0.611851
0.883369
0.906110
0.879495
0.850286
0.969945
0.946221
0.750668
0.909638
0.560448
0.234379
0.080033
0.074505
0.123489
0.245741
0.468394
0.512008
0.260952
0.121218
0.093479
0.116444
0.138206
0.000000
0.000000
0.000000
0.000000
0.000000
0.000000
0.000000
0.000000
0.000000
0.000000
0.000000
0.000000
0.000000
0.000000
0.000000
0.000000
0.000000
0.000000
0.000000
0.000000
0.000000
0.000000
0.000000
0.000000
0.000000
0.000000
0.000000
0.000000
0.000000
0.000000
0.000000
0.000000
0.000000
0.000000
0.000000
0.000000
0.662174
0.851722
0.936730
0.703414
0.479500
0.311646
0.323971
0.976737
0.390545
0.637352
0.914851
0.838909
0.774609
0.597830
0.626034
0.565738
0.623277
0.671082
0.800592
0.741786
0.651584
0.733454
0.735845
0.718581
0.703603
0.709436
0.837299
0.472310
0.471634
0.450632
0.434394
0.472310
0.476448
0.397457
0.190067
0.095933
0.135257
0.079512
0.129757
0.194533
0.349765
0.892201
0.417264
0.696784
0.882628
0.364448
0.367535
0.450499
0.655296
0.704211
0.437851
0.454004
0.449076
0.598274
0.000000
0.000000
0.000000
0.000000
0.000000
0.000000
0.000000
0.000000
0.000000
0.000000
0.000000
0.000000
0.000000
0.000000
0.000000
0.000000
0.000000
0.000000
0.118923
0.040771
0.015758
0.018135
0.042640
0.189009
0.657809
0.936033
0.889443
0.754454
0.416445
0.297738
0.494589
0.366227
0.077466
0.017054
0.013603
0.030948
0.928539
0.670134
0.262616
0.223293
0.288277
0.413893
0.674648
0.730196
0.732857
0.512975
0.212000
0.252272
0.216330
0.203907
0.425111
0.559367
0.467179
0.377219
0.645377
0.354988
0.352157
0.630829
0.943527
0.605606
0.563928
0.477784
0.494560
0.543734
0.301074
0.157951
0.051096
0.055153
0.235866
0.406894
0.553974
0.768358
0.776347
0.877156
0.712742
0.621006
1.000000
0.555002
0.560550
0.609389
0.602660
0.434880
0.641314
0.861388
0.665107
0.549396
0.370961
0.333362
0.623704
0.934592
0.000000
0.000000
0.000000
0.000000
0.000000
0.000000
0.000000
0.000000
0.000000
0.000000
0.000000
0.000000
0.000000
0.000000
0.000000
0.000000
0.000000
0.000000
0.000000
0.000000
0.000000
0.000000
0.000000
0.000000
0.000000
0.000000
0.000000
0.000000
0.000000
0.000000
0.000000
0.000000
0.000000
0.000000
0.000000
0.000000
0.000000
0.000000
0.000000
0.000000
0.000000
0.000000
0.000000
0.000000
0.000000
0.000000
0.000000
0.000000
0.000000
0.000000
0.000000
0.000000
0.000000
0.000000
0.283648
0.484484
0.951118
0.515838
0.555581
0.403481
0.414787
0.798549
0.719463
0.782326
0.810893
0.638691
0.706962
0.941267
0.783390
0.735991
0.960173
0.845918
0.000000
0.000000
0.000000
0.000000
0.000000
0.000000
0.000000
0.000000
0.000000
0.000000
0.000000
0.000000
0.000000
0.000000
0.000000
0.000000
0.000000
0.000000
0.831597
0.645624
0.648418
0.907923
1.000000
0.835914
0.556417
0.217238
0.162296
0.869417
0.384267
0.397834
0.568957
0.602648
0.596995
0.330694
0.178892
0.151169
0.000000
0.000000
0.000000
0.000000
0.000000
0.000000
0.000000
0.000000
0.000000
0.000000
0.000000
0.000000
0.000000
0.000000
0.000000
0.000000
0.000000
0.000000
0.000000
0.000000
0.000000
0.000000
0.000000
0.000000
0.000000
0.000000
0.000000
0.000000
0.000000
0.000000
0.000000
0.000000
0.000000
0.000000
0.000000
0.000000
0.350111
0.340130
0.323983
0.252745
0.304261
0.327970
0.229514
0.213757
0.342970
0.968481
0.936361
0.915563
0.934535
0.640091
0.485836
0.685124
0.779047
0.795828
0.000000
0.000000
0.000000
0.000000
0.000000
0.000000
0.000000
0.000000
0.000000
0.000000
0.000000
0.000000
0.000000
0.000000
0.000000
0.000000
0.000000
0.000000
0.505908
0.659558
0.843307
0.597885
0.280215
0.360595
0.846828
0.680726
0.845886
0.087982
0.162560
0.122265
0.131014
0.324011
0.571045
0.565274
0.438282
0.251334
0.684583
0.742985
0.477981
0.567601
0.754365
0.813028
0.644841
0.238192
0.093958
0.086954
0.046910
0.012927
0.017353
0.031771
0.050774
0.148562
0.413711
0.946614
0.000000
0.000000
0.000000
0.000000
0.000000
0.000000
0.000000
0.000000
0.000000
0.000000
0.000000
0.000000
0.000000
0.000000
0.000000
0.000000
0.000000
0.000000
0.035026
0.038990
0.055195
0.149014
0.325072
0.279609
0.234407
0.289741
0.192940
0.040000
0.094380
0.094343
0.197356
0.545097
0.731758
0.791425
0.498375
0.452286
0.927532
0.693763
0.449782
0.312465
0.386125
0.532863
0.982160
0.772830
0.940215
0.045500
0.026229
0.022561
0.030476
0.154157
0.284455
0.282495
0.349288
0.568706
0.338361
0.275376
0.403417
0.484232
0.383508
0.432295
0.642238
0.704058
0.358818
0.603477
0.174002
0.340908
0.268760
0.112495
0.044453
0.017916
0.009155
0.005097
0.000000
0.000000
0.000000
0.000000
0.000000
0.000000
0.000000
0.000000
0.000000
0.000000
0.000000
0.000000
0.000000
0.000000
0.000000
0.000000
0.000000
0.000000
0.114112
0.066517
0.050454
0.061933
0.098731
0.137419
0.210565
0.144036
0.112235
0.535825
0.987600
0.455430
0.508394
0.500962
0.202565
0.125885
0.103862
0.055754
0.872008
0.884611
0.655297
0.359306
0.268244
0.292541
0.354712
0.525901
0.609368
1.000000
0.767985
0.500235
0.862009
0.791777
0.595055
0.371947
0.561573
0.891566
0.104285
0.098388
0.210527
0.123528
0.044057
0.056569
0.141776
0.250027
0.329571
0.687163
0.806657
0.969755
0.694659
0.497616
0.288763
0.239716
0.239354
0.241175
0.568646
0.342522
0.294890
0.306014
0.254973
0.233236
0.205252
0.280754
0.747894
0.387693
0.651033
0.871534
0.921372
0.768275
0.680433
0.871640
0.975173
0.968908
0.248467
0.333706
0.914640
0.502847
0.206203
0.122860
0.462617
0.823436
0.923030
0.439559
0.727362
0.516902
0.231712
0.493740
0.781975
0.973279
0.881018
0.643505
0.983757
0.621193
0.554290
0.851434
0.942005
0.620641
0.763934
0.938192
0.933103
0.201986
0.295183
0.573368
0.485181
0.226754
0.224423
0.263780
0.169407
0.193980
0.000000
0.000000
0.000000
0.000000
0.000000
0.000000
0.000000
0.000000
0.000000
0.000000
0.000000
0.000000
0.000000
0.000000
0.000000
0.000000
0.000000
0.000000
0.000000
0.000000
0.000000
0.000000
0.000000
0.000000
0.000000
0.000000
0.000000
0.000000
0.000000
0.000000
0.000000
0.000000
0.000000
0.000000
0.000000
0.000000
0.994131
0.962522
0.979866
0.844125
0.987900
0.618002
0.555157
0.909376
0.649136
0.236847
0.099746
0.125331
0.242271
0.193884
0.183316
0.293013
0.303090
0.361672
0.294370
0.179374
0.137755
0.091714
0.077794
0.072800
0.093622
0.215221
0.565670
0.739458
0.588426
0.755815
0.810352
0.408584
0.142201
0.113006
0.138022
0.109923
0.000843
0.003598
0.006252
0.009792
0.016676
0.003818
0.002697
0.030465
0.147376
0.614295
0.610630
0.463884
0.220127
0.256839
0.254451
0.205271
0.222512
0.199360
0.475816
0.459038
0.384918
0.424149
0.450204
0.722424
0.957027
0.977801
0.484648
0.735835
0.933471
0.412756
0.140069
0.053874
0.047303
0.060368
0.101753
0.155534
0.000000
0.000000
0.000000
0.000000
0.000000
0.000000
0.000000
0.000000
0.000000
0.000000
0.000000
0.000000
0.000000
0.000000
0.000000
0.000000
0.000000
0.000000
0.000000
0.000000
0.000000
0.000000
0.000000
0.000000
0.000000
0.000000
0.000000
0.000000
0.000000
0.000000
0.000000
0.000000
0.000000
0.000000
0.000000
0.000000
0.244423
0.350969
0.631599
0.919441
0.931459
0.860651
0.799600
0.541342
0.215520
0.121583
0.318225
0.419233
0.769847
0.938299
0.779422
0.880541
0.636200
0.357606
0.441635
0.603182
0.941549
0.615110
0.502158
0.700741
0.820139
0.707127
0.729555
0.935167
0.850987
0.636268
0.712167
0.739769
0.576860
0.705506
0.709292
0.544070
0.642305
0.529132
0.466193
0.453726
0.425662
0.350711
0.750093
0.323698
0.117139
0.013547
0.162086
0.876254
0.848190
0.547551
0.453726
0.452872
0.556219
0.642305
0.724036
0.601640
0.764883
0.776037
0.801343
0.943139
0.538647
0.651726
0.935542
0.705865
0.937970
0.447534
0.554537
0.949844
0.751244
0.714092
0.691550
0.517442
0.285217
0.324927
0.521281
0.781046
0.715422
0.285101
0.417610
0.665006
0.425524
0.962613
0.533642
0.429755
0.632393
0.620747
0.370727
0.201105
0.097293
0.047483
0.000010
0.000032
0.000157
0.000295
0.002588
0.027913
0.068232
0.114023
0.278584
1.000000
0.960611
0.918747
0.795907
0.871640
0.711625
0.607230
0.923753
0.787388
0.000000
0.000000
0.000000
0.000000
0.000000
0.000000
0.000000
0.000000
0.000000
0.000000
0.000000
0.000000
0.000000
0.000000
0.000000
0.000000
0.000000
0.000000
0.000000
0.000000
0.000000
0.000000
0.000000
0.000000
0.000000
0.000000
0.000000
0.000000
0.000000
0.000000
0.000000
0.000000
0.000000
0.000000
0.000000
0.000000
0.340110
0.425918
0.606626
0.582138
0.629468
0.839776
0.955113
0.743666
0.777029
0.729249
0.716354
0.693570
0.279137
0.182842
0.328474
0.582454
0.425918
0.199805
0.828147
0.825799
0.957577
0.421879
0.306356
0.329757
0.082827
0.021405
0.045158
0.186420
0.072444
0.034368
0.066292
0.095055
0.119963
0.092090
0.059864
0.105717
0.509488
0.660279
0.594848
0.436134
0.422422
0.554095
0.786189
0.821252
0.469090
0.610942
0.963958
0.551825
0.496263
0.647993
0.924797
0.613777
0.498422
0.595069
0.000000
0.000000
0.000000
0.000000
0.000000
0.000000
0.000000
0.000000
0.000000
0.000000
0.000000
0.000000
0.000000
0.000000
0.000000
0.000000
0.000000
0.000000
0.000000
0.000000
0.000000
0.000000
0.000000
0.000000
0.000000
0.000000
0.000000
0.000000
0.000000
0.000000
0.000000
0.000000
0.000000
0.000000
0.000000
0.000000
0.938838
0.874515
0.516137
0.597626
0.730478
0.528847
0.828253
0.883823
0.751723
0.486422
0.435786
0.417264
0.107334
0.026310
0.036994
0.070678
0.125955
0.186913
0.000000
0.000000
0.000000
0.000000
0.000000
0.000000
0.000000
0.000000
0.000000
0.000000
0.000000
0.000000
0.000000
0.000000
0.000000
0.000000
0.000000
0.000000
0.000000
0.000000
0.000000
0.000000
0.000000
0.000000
0.000000
0.000000
0.000000
0.000000
0.000000
0.000000
0.000000
0.000000
0.000000
0.000000
0.000000
0.000000
0.054598
0.082352
0.088421
0.069967
0.036437
0.014998
0.006231
0.061047
0.852324
0.523315
0.701094
0.703519
0.456996
0.380169
0.427309
0.540416
0.675325
0.614901
0.224155
0.237393
0.312836
0.442068
0.458764
0.303239
0.385771
0.457923
0.191063
0.776963
0.529321
0.334663
0.226008
0.415921
0.747501
0.790300
0.612597
0.360555
0.000000
0.000000
0.000000
0.000000
0.000000
0.000000
0.000000
0.000000
0.000000
0.000000
0.000000
0.000000
0.000000
0.000000
0.000000
0.000000
0.000000
0.000000
0.152892
0.186527
0.132573
0.224178
0.795476
0.676192
0.847598
0.428603
0.346537
0.667387
0.332643
0.206617
0.275463
0.329345
0.462807
0.474532
0.333587
0.235545
0.846310
0.882824
0.854284
0.847140
0.807572
0.704143
0.368858
0.102113
0.326175
0.927227
0.682779
0.870216
0.789054
0.819385
0.934157
0.924320
0.799873
0.583514
0.000000
0.000000
0.000000
0.000000
0.000000
0.000000
0.000000
0.000000
0.000000
0.000000
0.000000
0.000000
0.000000
0.000000
0.000000
0.000000
0.000000
0.000000
0.774405
0.689114
0.930351
0.769546
0.923289
0.952510
0.715801
0.939570
0.358020
0.732805
0.843745
0.769056
0.350805
0.233845
0.168282
0.107470
0.073440
0.118647
0.878454
0.870672
0.855680
0.726479
0.833527
0.841331
0.804020
0.849856
0.781444
0.919640
0.484575
0.403897
0.326155
0.263498
0.257177
0.218263
0.262671
0.250134
0.000000
0.000000
0.000000
0.000000
0.000000
0.000000
0.000000
0.000000
0.000000
0.000000
0.000000
0.000000
0.000000
0.000000
0.000000
0.000000
0.000000
0.000000
0.934859
0.679384
0.574940
0.451097
0.363873
0.610411
0.642158
0.270233
0.399517
0.298775
0.291936
0.538296
0.686696
0.574350
0.599603
0.580262
0.514024
0.697845
0.139559
0.169102
0.228055
0.132652
0.038813
0.060342
0.186068
0.404860
0.382785
0.048030
0.035918
0.025722
0.022082
0.021578
0.027674
0.057179
0.117899
0.108047
0.651012
0.510629
0.608182
0.587633
0.617368
0.979914
0.676640
0.765665
0.894018
0.473948
0.294648
0.239322
0.345106
0.637049
0.662236
0.608182
0.866827
0.935619
