0.689157
0.638355
0.824314
0.742912
0.745938
0.413357
0.180896
0.187504
0.909238
0.271332
0.945786
0.958529
0.400908
0.904483
0.883921
0.174464
0.205513
0.654153
0.002070
0.274833
0.980853
0.491453
0.467839
0.857153
0.661386
0.776410
0.306781
0.718847
0.564615
0.175099
0.367057
0.329064
0.303010
0.184178
0.738380
0.160319
0.813433
0.416792
0.177016
0.442487
0.239595
0.217203
0.158540
0.564615
0.067250
0.600279
0.136224
0.095316
0.338063
0.833668
0.097722
0.988830
0.325116
0.661386
0.852445
0.530004
0.369186
0.865010
0.825871
0.223985
0.510538
0.263567
0.742912
0.469066
0.894984
0.920344
0.121622
0.773347
0.814985
0.618484
0.765703
0.756561
0.828988
0.925109
0.122105
0.579579
0.629806
0.885500
0.403155
0.522173
0.227817
0.476465
0.528695
0.105232
0.638355
0.414500
0.350304
0.110043
0.151572
0.619894
0.188174
0.767230
0.344149
0.753521
0.896566
0.051176
0.937828
0.426032
0.921932
0.013138
0.075076
0.502858
0.968093
0.683274
0.480188
0.552512
0.010053
0.261013
0.784085
0.598888
0.952156
0.880765
0.770287
0.315379
0.514401
0.044010
0.777944
0.675947
0.855583
0.645516
0.278365
0.832107
0.846176
0.822757
0.539215
0.090646
0.993617
0.168203
0.350304
0.548506
0.869731
0.470294
0.147617
0.662837
0.013894
0.879187
0.533942
0.926698
0.857153
0.762652
0.915582
0.452051
0.003096
0.273955
0.177658
0.574116
0.545844
0.699497
0.029406
0.009001
0.761128
0.324133
0.433040
0.429528
0.482679
0.026283
0.671566
0.419091
0.898149
0.127509
0.739889
0.665741
0.500311
0.361769
0.755041
0.431867
0.988830
0.721841
0.321198
0.358619
0.114566
0.276595
0.552512
0.678874
0.079431
0.696537
0.384300
0.453255
0.228590
0.398669
0.473991
0.607252
0.317311
0.750485
