0.909364
0.690132
0.967480
0.917561
0.023465
0.611454
0.362867
0.191253
0.677722
0.940541
0.976901
0.089068
0.126656
0.050678
0.250401
0.873152
0.097214
0.939273
0.134100
0.417717
0.994817
0.802119
0.508785
0.212330
0.332816
0.171562
0.562322
0.103350
0.556540
0.913525
0.454931
0.543304
0.472176
0.881328
0.449706
0.968689
0.011370
0.955394
0.366317
0.342566
0.352972
0.889142
0.716249
0.522548
0.107610
0.835310
0.475574
0.521294
0.338743
0.340034
0.479621
0.577590
0.536016
0.791070
0.597184
0.247008
0.090842
0.491501
0.713030
0.619966
0.998927
0.051099
0.312865
0.917796
0.370800
0.095069
0.630195
0.342144
0.316989
0.266614
0.012686
0.972901
0.207377
0.266775
0.909364
0.978460
0.412996
0.539786
0.265206
0.045109
0.538336
0.812037
0.942206
0.378672
0.792508
0.717757
0.523410
0.089802
0.178736
0.498820
0.399247
0.453458
0.275804
0.223260
0.586971
0.596603
0.915279
0.819643
0.498094
0.078503
0.767749
0.789706
0.069920
0.198156
0.276660
0.131848
0.211633
0.975388
0.732921
0.937385
0.289359
0.277204
0.365314
0.086825
0.881065
0.737338
0.127059
0.268528
0.423720
0.707644
0.125932
0.117327
0.961034
0.209407
0.137561
0.321043
0.852613
0.778969
0.552348
0.934535
0.409434
0.923591
0.469292
0.107862
0.537587
0.416853
0.261243
0.733609
0.521229
0.282042
0.142218
0.552794
0.179949
0.011879
0.564631
0.110384
0.970874
0.266775
