0.734207
0.468480
0.125400
0.532620
0.679644
0.358795
1.000000
0.992678
0.783087
0.686381
0.358795
0.278878
0.168669
0.163062
0.424658
0.419353
0.633231
0.538664
0.686381
0.335274
0.186356
0.941477
0.435383
0.363621
0.804313
0.748072
0.087849
0.613759
0.120938
0.457296
0.679644
0.713570
0.727306
0.706737
0.354010
0.168669
0.659591
0.748072
0.897775
0.031044
0.225775
0.225775
0.876031
0.321648
0.491297
0.783087
0.025753
0.262906
0.594557
0.797221
0.526611
0.804313
0.876031
0.368488
0.255161
0.468480
0.720427
0.652959
1.000000
0.451760
0.659591
0.403676
0.287107
0.699927
0.544742
0.259014
0.699927
0.168669
0.031044
0.666249
0.266839
0.693142
0.633231
0.205379
0.069221
0.762020
0.462869
0.232884
0.424658
0.212023
0.198887
0.948782
0.672934
0.132333
0.897775
0.727306
0.926884
0.479815
0.776046
0.139558
0.832839
0.840006
0.112387
0.321648
0.963403
0.383329
0.358795
0.403676
0.373394
0.282973
0.218821
0.755036
0.607328
0.926884
0.440804
0.137117
0.198887
0.222279
0.462869
0.741129
0.419353
0.020250
0.419353
0.797221
0.403676
0.451760
0.934178
0.912315
0.526611
0.776046
0.137117
0.053968
0.002386
0.861586
0.291282
0.588217
0.451760
0.679644
0.563178
0.970719
0.594557
0.581909
0.633231
0.262906
0.232884
0.652959
0.626711
0.076546
0.978037
0.046445
0.011924
0.626711
0.160312
0.048498
0.491297
0.414088
0.278878
0.157597
0.755036
0.393423
0.354010
0.208682
0.706737
0.613759
0.247577
0.192547
0.956091
0.963403
0.002860
0.948782
0.720427
0.354010
0.378341
0.769024
1.000000
0.218821
0.160312
0.897775
0.308390
0.139558
0.912315
0.905041
0.699927
0.440804
0.479815
0.594557
0.335274
0.278878
0.025753
0.435383
0.581909
0.368488
0.581909
0.202114
