0.421067
0.617303
0.449176
0.778728
0.867718
0.996533
0.694682
0.830674
0.711365
0.739249
0.634666
0.504852
0.749583
0.258867
0.772845
0.702654
0.293807
0.327463
0.629186
0.916611
0.351693
0.006625
0.935216
0.261419
0.103963
0.465222
0.056172
0.371631
0.064755
0.631364
0.374883
0.963464
0.907914
0.617497
0.072563
0.609690
0.244527
0.236784
0.489035
0.603609
0.072558
0.641442
0.605379
0.118925
0.545337
0.295217
0.813178
0.784488
0.852446
0.485356
0.869343
0.841793
0.136739
0.371016
0.798172
0.990719
0.177993
0.667649
0.603609
0.666527
0.884661
0.981847
0.192990
0.641442
0.676413
0.662037
0.847528
0.223451
0.265822
0.603609
0.149383
0.613152
0.498481
0.533675
0.485356
0.163913
0.316535
0.029673
0.907914
0.503511
0.056777
0.023983
0.960881
0.718739
0.329995
0.117816
0.095641
0.034649
0.571307
0.371631
0.290578
0.858879
0.556929
0.519948
0.852446
0.042181
0.483810
0.134940
0.064570
0.746515
0.724896
0.954371
0.611052
0.506314
0.188238
0.269598
0.178955
0.085358
0.649956
0.534161
0.212933
0.466365
0.341913
0.088153
0.279799
0.181549
0.173882
0.474458
0.692343
0.406967
0.083619
0.116079
0.288028
0.520162
0.553668
0.037455
0.446957
0.779849
0.729411
0.315039
0.351062
0.788893
0.814179
0.090646
0.423763
0.347866
0.673000
0.489035
0.794633
0.910595
0.044738
0.292404
0.815561
0.592683
0.451316
0.098054
0.888222
0.861299
0.925766
0.634666
0.603609
0.406967
0.517140
0.395095
0.184856
0.686189
0.775032
0.517422
0.400857
0.387529
0.839704
0.391366
0.258867
0.233487
0.192665
0.406179
0.112100
0.942711
0.973954
0.979838
0.772680
0.064755
0.132240
0.973091
0.486254
0.967068
0.563520
0.309042
0.727528
0.694682
0.611688
0.638299
0.908125
0.264833
