0.397490
0.181590
0.530058
0.516009
0.852023
0.230713
0.189886
0.023180
0.000000
0.000000
0.000000
0.000000
0.000000
0.000000
0.000000
0.000000
0.868144
0.680610
0.237021
0.211948
0.921056
0.538658
0.627459
0.398923
0.523830
0.083188
0.582418
0.215170
0.092992
0.245496
0.250076
0.265645
0.000000
0.000000
0.000000
0.000000
0.000000
0.000000
0.000000
0.000000
0.077601
0.802454
0.926299
0.314339
0.970989
0.624739
0.713871
0.424634
0.879105
0.818468
0.684661
0.849937
0.752474
0.381833
0.610406
0.452281
0.432464
0.514937
0.654438
0.538706
0.635510
0.928094
0.054610
0.197168
0.000000
0.000000
0.000000
0.000000
0.000000
0.000000
0.000000
0.000000
0.000000
0.000000
0.000000
0.000000
0.000000
0.000000
0.000000
0.000000
0.448927
0.609303
0.493256
0.036499
0.627388
0.620897
0.560083
0.371972
0.701562
0.452484
0.858405
0.838584
0.926728
0.280012
0.337587
0.601380
0.000000
0.000000
0.000000
0.000000
0.000000
0.000000
0.000000
0.000000
0.821019
0.927414
0.222581
0.788570
0.518889
0.817179
0.223186
0.061182
0.613236
0.077867
0.438618
0.200376
0.338214
0.556586
0.122630
0.629970
0.000000
0.000000
0.000000
0.000000
0.000000
0.000000
0.000000
0.000000
0.504546
0.576970
0.828059
0.643027
0.857390
0.879535
0.919148
0.992881
0.533127
0.291212
0.472690
0.599953
0.336270
0.894390
0.426671
0.899659
0.000000
0.000000
0.000000
0.000000
0.000000
0.000000
0.000000
0.000000
0.000000
0.000000
0.000000
0.000000
0.000000
0.000000
0.000000
0.000000
0.000000
0.000000
0.000000
0.000000
0.000000
0.000000
0.000000
0.000000
0.058088
0.980311
0.482033
0.477152
0.168154
0.136629
0.100624
0.393344
0.961222
0.154084
0.678156
0.663177
0.257944
0.047359
0.144359
0.236056
0.508483
0.461219
0.228263
0.447808
0.165637
0.356919
0.947746
0.849528
0.428148
0.286732
0.897771
0.778764
0.947489
0.195753
0.813305
0.275839
0.710505
0.036685
0.623177
0.768131
0.180366
0.244495
0.007918
0.934490
0.919123
0.213037
0.724115
0.968776
0.573928
0.093027
0.387101
0.412274
0.000000
0.000000
0.000000
0.000000
0.000000
0.000000
0.000000
0.000000
0.000000
0.000000
0.000000
0.000000
0.000000
0.000000
0.000000
0.000000
0.000000
0.000000
0.000000
0.000000
0.000000
0.000000
0.000000
0.000000
0.651804
0.646574
0.361592
0.858629
0.743115
0.846222
0.749596
0.273605
0.000000
0.000000
0.000000
0.000000
0.000000
0.000000
0.000000
0.000000
0.000000
0.000000
0.000000
0.000000
0.000000
0.000000
0.000000
0.000000
0.986944
0.883890
0.856885
0.646449
0.908096
0.381545
0.670825
0.427610
0.868240
0.634235
0.928777
0.527208
0.723431
0.826202
0.813651
0.836812
0.034198
0.031777
0.136343
0.001185
0.715400
0.187389
0.491064
0.121853
0.181349
0.884038
0.768396
0.923958
0.854410
0.987176
0.797810
0.951208
0.337285
0.913683
0.156715
0.220080
0.787985
0.993354
0.873018
0.977992
0.910679
0.941526
0.447311
0.131929
0.212711
0.070299
0.892175
0.913360
0.000000
0.000000
0.000000
0.000000
0.000000
0.000000
0.000000
0.000000
0.192033
0.641731
0.096115
0.135734
0.718506
0.628966
0.307802
0.316713
0.558404
0.841575
0.993424
0.979591
0.121109
0.003383
0.430970
0.138767
0.000000
0.000000
0.000000
0.000000
0.000000
0.000000
0.000000
0.000000
0.000000
0.000000
0.000000
0.000000
0.000000
0.000000
0.000000
0.000000
0.000000
0.000000
0.000000
0.000000
0.000000
0.000000
0.000000
0.000000
0.025706
0.320673
0.743605
0.933154
0.947408
0.968364
0.802227
0.893688
0.000000
0.000000
0.000000
0.000000
0.000000
0.000000
0.000000
0.000000
0.000000
0.000000
0.000000
0.000000
0.000000
0.000000
0.000000
0.000000
0.000000
0.000000
0.000000
0.000000
0.000000
0.000000
0.000000
0.000000
0.652876
0.152664
0.129953
0.836115
0.449937
0.376407
0.997734
0.333773
0.892625
0.829116
0.901307
0.998851
0.944020
0.796091
0.038921
0.209357
0.419423
0.283773
0.395284
0.454767
0.085541
0.200059
0.119155
0.171722
0.521569
0.343254
0.637551
0.416368
0.188674
0.491530
0.334472
0.542521
0.670119
0.227955
0.828019
0.665978
0.505302
0.330733
0.036006
0.190833
0.407616
0.282488
0.746960
0.588663
0.961879
0.673198
0.429598
0.108948
0.000000
0.000000
0.000000
0.000000
0.000000
0.000000
0.000000
0.000000
0.000000
0.000000
0.000000
0.000000
0.000000
0.000000
0.000000
0.000000
0.000000
0.000000
0.000000
0.000000
0.000000
0.000000
0.000000
0.000000
0.398563
0.231648
0.531534
0.058667
0.432160
0.593674
0.859229
0.178892
0.000000
0.000000
0.000000
0.000000
0.000000
0.000000
0.000000
0.000000
0.000000
0.000000
0.000000
0.000000
0.000000
0.000000
0.000000
0.000000
0.405638
0.415823
0.966476
0.841840
0.315648
0.265651
0.289359
0.788658
0.516065
0.498181
0.331406
0.806563
0.978979
0.760324
0.804474
0.606080
0.654006
0.961103
0.574694
0.092924
0.527163
0.901570
0.724709
0.968284
0.226477
0.134230
0.616717
0.192255
0.206465
0.585248
0.079438
0.869180
0.000000
0.000000
0.000000
0.000000
0.000000
0.000000
0.000000
0.000000
0.259625
0.436140
0.164733
0.394484
0.256549
0.404149
0.648763
0.442683
0.000000
0.000000
0.000000
0.000000
0.000000
0.000000
0.000000
0.000000
0.000000
0.000000
0.000000
0.000000
0.000000
0.000000
0.000000
0.000000
0.910208
0.625684
0.675005
0.286556
0.143994
0.404532
0.388531
0.152888
0.404786
0.347778
0.760437
0.426293
0.578211
0.261706
0.349398
0.180090
0.000000
0.000000
0.000000
0.000000
0.000000
0.000000
0.000000
0.000000
0.263057
0.855924
0.293199
0.224782
0.162567
0.418163
0.276326
0.302888
0.973999
0.555448
0.465536
0.298922
0.696535
0.667027
0.851391
0.945650
0.000000
0.000000
0.000000
0.000000
0.000000
0.000000
0.000000
0.000000
0.245219
0.121905
0.371737
0.988113
0.918039
0.999826
0.983360
0.965709
0.000000
0.000000
0.000000
0.000000
0.000000
0.000000
0.000000
0.000000
0.731469
0.950054
0.667035
0.764516
0.739184
0.834116
0.821834
0.970200
0.566171
0.790711
0.691424
0.614039
0.518701
0.661798
0.687624
0.130699
0.000000
0.000000
0.000000
0.000000
0.000000
0.000000
0.000000
0.000000
0.000000
0.000000
0.000000
0.000000
0.000000
0.000000
0.000000
0.000000
0.000000
0.000000
0.000000
0.000000
0.000000
0.000000
0.000000
0.000000
0.839583
0.466831
0.408987
0.232493
0.232664
0.856806
0.962123
0.853622
0.000000
0.000000
0.000000
0.000000
0.000000
0.000000
0.000000
0.000000
0.000000
0.000000
0.000000
0.000000
0.000000
0.000000
0.000000
0.000000
0.000000
0.000000
0.000000
0.000000
0.000000
0.000000
0.000000
0.000000
0.000000
0.000000
0.000000
0.000000
0.000000
0.000000
0.000000
0.000000
0.407369
0.884992
0.677359
0.862494
0.781340
0.848740
0.164043
0.194841
0.816164
0.299900
0.532645
0.441144
0.509730
0.516408
0.050515
0.040264
0.406836
0.675003
0.992811
0.459002
0.516249
0.596071
0.809550
0.496252
0.000000
0.000000
0.000000
0.000000
0.000000
0.000000
0.000000
0.000000
0.000000
0.000000
0.000000
0.000000
0.000000
0.000000
0.000000
0.000000
0.674252
0.608489
0.888588
0.608440
0.056882
0.613380
0.412652
0.406962
0.269491
0.012909
0.821746
0.360817
0.606987
0.218224
0.615178
0.812479
0.678749
0.759714
0.958417
0.187835
0.919013
0.500859
0.682797
0.018044
0.000000
0.000000
0.000000
0.000000
0.000000
0.000000
0.000000
0.000000
0.796540
0.945187
0.779963
0.639866
0.572239
0.537569
0.455382
0.310560
0.000000
0.000000
0.000000
0.000000
0.000000
0.000000
0.000000
0.000000
0.073598
0.986012
0.365457
0.081882
0.317001
0.166113
0.860614
0.056117
0.000000
0.000000
0.000000
0.000000
0.000000
0.000000
0.000000
0.000000
0.810711
0.488957
0.811961
0.929044
0.527653
0.645579
0.585291
0.989952
0.100433
0.680729
0.884495
0.762816
0.109431
0.374570
0.189353
0.294789
0.342860
0.536797
0.710804
0.379485
0.497708
0.322136
0.115835
0.245014
0.776792
0.672894
0.519721
0.514083
0.432830
0.882586
0.403105
0.395699
0.178602
0.625332
0.279212
0.136294
0.270129
0.410082
0.693635
0.255542
0.000000
0.000000
0.000000
0.000000
0.000000
0.000000
0.000000
0.000000
0.115661
0.236334
0.213894
0.821193
0.846577
0.419340
0.941195
0.753616
0.915248
0.360543
0.460826
0.491584
0.713370
0.818097
0.603218
0.264462
0.689315
0.717358
0.285596
0.437969
0.088252
0.177858
0.850268
0.960811
0.297999
0.367131
0.451694
0.929515
0.759209
0.939115
0.952265
0.470094
0.819086
0.298306
0.695306
0.271073
0.342493
0.488330
0.318495
0.619859
0.984910
0.532694
0.071856
0.046098
0.605939
0.541930
0.982887
0.769389
0.526709
0.269351
0.418016
0.098145
0.010018
0.039194
0.443448
0.642407
0.394633
0.040144
0.576185
0.404698
0.195477
0.308373
0.507307
0.801380
0.432180
0.135281
0.545609
0.643603
0.181387
0.970747
0.354670
0.561357
0.000000
0.000000
0.000000
0.000000
0.000000
0.000000
0.000000
0.000000
0.000000
0.000000
0.000000
0.000000
0.000000
0.000000
0.000000
0.000000
0.454207
0.220660
0.585633
0.679718
0.253944
0.093003
0.444764
0.238697
0.194306
0.295354
0.014642
0.769611
0.125544
0.135282
0.400504
0.428395
0.438254
0.295922
0.903965
0.997952
0.269813
0.427451
0.633280
0.526686
0.000000
0.000000
0.000000
0.000000
0.000000
0.000000
0.000000
0.000000
0.496852
0.774341
0.517056
0.970588
0.991071
0.813753
0.586461
0.589660
0.910088
0.826194
0.507415
0.520451
0.858467
0.140488
0.267301
0.356117
0.516666
0.402073
0.894141
0.532951
0.954957
0.786979
0.779039
0.170114
0.362182
0.629317
0.606959
0.510718
0.608883
0.921566
0.271937
0.949592
0.000000
0.000000
0.000000
0.000000
0.000000
0.000000
0.000000
0.000000
0.000000
0.000000
0.000000
0.000000
0.000000
0.000000
0.000000
0.000000
0.000000
0.000000
0.000000
0.000000
0.000000
0.000000
0.000000
0.000000
0.711251
0.724758
0.026461
0.895468
0.191140
0.557829
0.810402
0.885598
0.000000
0.000000
0.000000
0.000000
0.000000
0.000000
0.000000
0.000000
0.948107
0.575577
0.277378
0.674539
0.580060
0.575300
0.589725
0.539561
0.000000
0.000000
0.000000
0.000000
0.000000
0.000000
0.000000
0.000000
0.000000
0.000000
0.000000
0.000000
0.000000
0.000000
0.000000
0.000000
0.934965
0.968746
0.853511
0.605339
0.880406
0.985093
0.756544
0.937305
0.000000
0.000000
0.000000
0.000000
0.000000
0.000000
0.000000
0.000000
0.470677
0.764226
0.441939
0.295655
0.388521
0.442871
0.753047
0.863009
0.934588
0.811616
0.470527
0.443943
0.372574
0.038759
0.212382
0.289180
0.000000
0.000000
0.000000
0.000000
0.000000
0.000000
0.000000
0.000000
0.539337
0.607638
0.161246
0.384718
0.231982
0.668029
0.429155
0.405678
0.318853
0.481278
0.817190
0.638951
0.086505
0.086524
0.171306
0.079833
0.978501
0.019250
0.416321
0.344849
0.230081
0.479969
0.135154
0.882040
0.000000
0.000000
0.000000
0.000000
0.000000
0.000000
0.000000
0.000000
0.171436
0.227103
0.252673
0.403279
0.147666
0.053804
0.464361
0.174391
0.443421
0.518734
0.545154
0.485668
0.961292
0.963684
0.995471
0.960243
0.084279
0.017150
0.565709
0.034506
0.005730
0.215133
0.897224
0.679067
0.271758
0.323627
0.242517
0.835017
0.884530
0.971729
0.217675
0.932674
0.487530
0.457804
0.379127
0.701785
0.877832
0.905316
0.029072
0.598499
0.782360
0.798497
0.929096
0.323481
0.608855
0.139715
0.985218
0.583904
0.000000
0.000000
0.000000
0.000000
0.000000
0.000000
0.000000
0.000000
0.000000
0.000000
0.000000
0.000000
0.000000
0.000000
0.000000
0.000000
0.770849
0.787715
0.927501
0.934372
0.149230
0.287449
0.641676
0.572141
0.438716
0.683787
0.155052
0.186912
0.992681
0.197939
0.462953
0.357783
0.000001
0.004026
0.027069
0.123830
0.725662
0.914310
0.780134
0.140539
0.655673
0.235543
0.888453
0.402702
0.376435
0.830163
0.399739
0.780500
0.000000
0.000000
0.000000
0.000000
0.000000
0.000000
0.000000
0.000000
0.000000
0.000000
0.000000
0.000000
0.000000
0.000000
0.000000
0.000000
0.720846
0.927405
0.511428
0.178758
0.353513
0.541033
0.427837
0.592909
0.980681
0.761389
0.552822
0.609730
0.577483
0.696409
0.486666
0.628614
0.249893
0.033256
0.209482
0.378243
0.068233
0.427954
0.548768
0.944256
0.047799
0.796123
0.901979
0.822011
0.621629
0.780834
0.480811
0.843269
0.595456
0.993658
0.749783
0.366262
0.968545
0.393681
0.623423
0.240273
0.279767
0.141574
0.249893
0.122040
0.833413
0.312359
0.681519
0.240903
0.000000
0.000000
0.000000
0.000000
0.000000
0.000000
0.000000
0.000000
0.000000
0.000000
0.000000
0.000000
0.000000
0.000000
0.000000
0.000000
0.879909
0.762777
0.784395
0.512704
0.812210
0.484060
0.709211
0.704751
0.081373
0.166871
0.288991
0.290380
0.439599
0.074149
0.315541
0.696016
0.258173
0.803893
0.015081
0.008244
0.789009
0.869386
0.909144
0.595171
0.000000
0.000000
0.000000
0.000000
0.000000
0.000000
0.000000
0.000000
0.000000
0.000000
0.000000
0.000000
0.000000
0.000000
0.000000
0.000000
0.382205
0.636010
0.686874
0.551981
0.918947
0.044513
0.588770
0.512563
0.000000
0.000000
0.000000
0.000000
0.000000
0.000000
0.000000
0.000000
0.000000
0.000000
0.000000
0.000000
0.000000
0.000000
0.000000
0.000000
0.005332
0.023574
0.003006
0.550842
0.354469
0.035406
0.479610
0.197118
0.056623
0.740749
0.467642
0.556135
0.496505
0.012483
0.271038
0.310751
0.000000
0.000000
0.000000
0.000000
0.000000
0.000000
0.000000
0.000000
0.459504
0.659698
0.714199
0.779897
0.893072
0.258534
0.513159
0.625185
0.056640
0.843887
0.189620
0.431863
0.896340
0.957310
0.819778
0.513277
0.000000
0.000000
0.000000
0.000000
0.000000
0.000000
0.000000
0.000000
0.826468
0.774412
0.189628
0.320289
0.397319
0.985400
0.993553
0.851328
0.437952
0.852756
0.808488
0.712930
0.443490
0.916207
0.961105
0.534401
0.000000
0.000000
0.000000
0.000000
0.000000
0.000000
0.000000
0.000000
0.729458
0.138326
0.440011
0.549870
0.856515
0.762656
0.768853
0.513716
0.165674
0.287441
0.057395
0.524309
0.287782
0.390284
0.075747
0.075679
0.198560
0.615074
0.655569
0.923535
0.475923
0.729492
0.974702
0.723809
