0.957083
0.428936
0.281389
0.139699
0.553265
0.433967
0.218529
0.067390
0.991770
0.268376
0.472400
0.912980
0.755424
0.107790
0.549246
0.500694
0.133954
0.847270
0.001812
0.069437
0.564129
0.537537
0.417290
0.778363
0.619031
0.218336
0.270132
0.598313
0.193706
0.419412
0.154829
0.242529
0.151927
0.150721
0.332473
0.081010
0.758244
0.370818
0.487227
0.679609
0.206974
0.658917
0.233859
0.194909
0.029211
0.885655
0.730100
0.095872
0.636124
0.299579
0.266874
0.371691
0.935152
0.187535
0.053432
0.095953
0.618520
0.767286
0.334578
0.699961
0.488913
0.029587
0.075464
0.390295
0.952946
0.202646
0.475642
0.884198
0.110298
0.798555
0.969528
0.734675
0.853711
0.446140
0.801857
0.656267
0.162262
0.320552
0.154656
0.193381
0.371619
0.290798
0.762112
0.981125
0.561839
0.073270
0.078142
0.491127
0.563431
0.841208
0.731305
0.841063
0.107627
0.226760
0.792162
0.116480
0.165978
0.386091
0.368186
0.311661
0.753379
0.135460
0.612012
0.286703
0.895564
0.684125
0.794666
0.337785
0.824508
0.092485
0.619368
0.378559
0.827953
0.639018
0.132593
0.466380
0.947533
0.209279
0.626403
0.995493
0.132165
0.450091
0.895464
0.823481
0.946696
0.674920
0.295012
0.099170
0.431527
0.052405
0.765964
0.921222
0.183144
0.936039
0.328353
0.105582
0.405716
0.230698
0.676587
0.122310
0.559039
0.807969
0.820020
0.125381
0.997230
0.784314
0.828604
0.748689
0.160289
0.524510
0.127945
0.873284
0.263320
0.720067
0.277312
0.498482
0.988717
0.307252
0.368705
0.306588
0.826260
0.786565
0.163904
0.404760
0.914212
0.241225
0.344302
0.762945
0.552843
0.684459
0.957327
0.675688
0.011160
0.151570
0.863857
0.178422
0.115988
0.747018
0.093906
0.335637
0.533282
0.918472
0.421741
0.597037
