0.000000
0.000000
0.000000
0.455856
0.006993
0.000000
0.000000
0.010763
0.000000
0.000000
0.000001
0.994731
0.009050
0.000000
0.734513
0.999893
0.000000
0.921723
0.000000
0.009392
0.000000
0.944493
0.791244
0.000000
0.000000
0.000000
0.015433
0.000139
0.000000
0.802899
0.001924
0.000000
0.010533
0.999693
0.431000
1.000000
0.000000
0.001726
0.000000
0.001600
0.007890
0.999990
0.001006
0.000001
0.000000
1.000000
0.994298
0.000105
0.000000
0.745613
0.999975
0.999918
0.000000
0.012553
0.000000
0.001630
0.000000
0.058962
0.001273
0.000000
0.995923
0.000000
0.001579
0.000000
0.994718
0.000000
0.061188
0.999865
0.000000
0.000009
0.000149
0.999962
0.457283
0.000000
0.000000
0.417624
0.999877
0.000113
0.000011
0.000000
0.999848
0.049929
0.000000
0.993483
0.000000
0.001967
0.000000
0.995240
0.000000
0.001988
0.056531
0.000000
0.000925
0.000000
0.010065
0.000000
0.999933
0.999973
0.713604
0.000000
0.000124
0.995989
0.999996
0.000000
0.000000
0.001759
0.999995
0.011404
0.001461
0.000000
0.001705
0.000000
1.000000
0.442935
0.999971
0.013277
0.000000
0.001296
0.746711
0.000000
0.000119
0.010207
0.000000
0.000000
0.000000
0.812918
0.935917
0.000000
0.010127
0.000000
0.932066
0.000000
0.999963
0.751072
0.000000
0.009494
0.991623
0.000001
0.000000
0.000000
0.010463
0.000000
0.000000
0.009810
0.434805
0.000000
0.000000
0.000000
