0.221232
0.480806
0.630073
0.893155
0.209467
0.498746
0.797685
0.935626
0.766446
0.271846
0.771525
0.892023
0.269445
0.542197
0.881091
0.568854
0.584251
0.870073
0.037119
0.845341
0.737728
0.173299
0.707705
0.579509
0.078469
0.111952
0.274261
0.320899
0.934100
0.223927
0.126240
0.872951
0.803266
0.720264
0.530214
0.064112
0.992946
0.736153
0.736520
0.449229
0.580994
0.004296
0.706761
0.895972
0.007650
0.741346
0.367572
0.591053
0.035735
0.214887
0.638550
0.051291
0.843134
0.246181
0.703104
0.202078
0.818168
0.580816
0.900126
0.063513
0.082406
0.853960
0.913340
0.086501
0.266014
0.815765
0.454128
0.111460
0.076382
0.903099
0.369116
0.397614
0.687391
0.209265
0.221232
0.986114
0.992340
0.257666
0.774559
0.639568
0.723221
0.753181
0.488216
0.083491
0.744384
0.015272
0.012235
0.220180
0.032439
0.479483
0.559803
0.752776
0.150966
0.183767
0.860913
0.295103
0.746517
0.317441
0.336465
0.608913
0.823139
0.988324
0.611535
0.756945
0.019970
0.703726
0.761160
0.590351
0.918357
0.050507
0.029662
0.313194
0.357176
0.819832
0.372135
0.003570
0.762826
0.807708
0.262626
0.365561
0.128738
0.061939
0.995586
0.359043
0.296333
0.797383
0.459883
0.821924
0.435612
0.510132
0.938709
0.354560
0.872359
0.177951
0.876165
0.418399
0.435057
0.415458
0.746691
0.346407
0.961140
0.290372
0.214655
0.205459
0.383121
0.420504
0.180536
0.209265
