0.383722
0.029611
0.687290
0.417467
0.376621
0.851698
0.731831
0.178914
0.227328
0.505798
0.267113
0.788698
0.618288
0.681021
0.314410
0.538279
0.341203
0.302884
0.961612
0.185363
0.876694
0.622500
0.407007
0.964495
0.949790
0.006432
0.391120
0.620652
0.503675
0.743292
0.090113
0.609384
0.065771
0.150779
0.418260
0.460127
0.438313
0.371802
0.853408
0.354542
0.384432
0.468258
0.979419
0.123188
0.482581
0.150771
0.295782
0.295863
0.120262
0.103492
0.488033
0.381682
0.817429
0.986079
0.429980
0.411024
0.220744
0.357293
0.288273
0.020341
0.473925
0.057259
0.443877
0.138330
0.037596
0.654395
0.997137
0.761139
0.314027
0.045147
0.578356
0.753907
0.942778
0.737400
0.556231
0.796080
0.526103
0.454117
0.489784
0.973903
0.581007
0.521926
0.839991
0.760239
0.535511
0.266571
0.195761
0.375007
0.542462
0.036181
0.535781
0.759135
0.545713
0.941145
0.369580
0.058388
0.279074
0.576591
0.581612
0.915625
0.002854
0.492503
0.052098
0.175130
0.177604
0.082730
0.928225
0.889099
0.831528
0.344382
0.950581
0.759839
0.694249
0.168555
0.189031
0.797973
0.942098
0.088769
0.582784
0.274014
0.309119
0.244897
0.450979
0.789709
0.854346
0.232288
0.615887
0.671491
0.346323
0.177416
0.824243
0.919966
0.733939
0.167834
0.312941
0.052414
0.202259
0.931281
0.264899
0.659921
0.878220
0.478182
0.739193
0.738674
0.561407
0.536395
0.668779
0.861431
0.811522
0.319693
0.729644
0.278223
0.670314
0.465696
0.393431
0.817625
0.770092
0.459669
0.231139
0.228661
0.240929
0.367214
0.879650
0.584419
0.723676
0.754487
0.259056
0.900995
0.928900
0.659244
0.991989
0.734367
0.561738
0.915746
0.764269
0.482132
0.234722
0.668582
0.284143
0.777663
0.015339
0.146263
0.548908
0.043472
