0.648667
0.642316
0.714190
0.688017
0.603650
0.142520
0.806958
0.222351
0.475453
0.704365
0.512435
0.622941
0.225466
0.406888
0.738308
0.998104
0.133959
0.560032
0.056367
0.079769
0.030944
0.385181
0.079477
0.017601
0.691742
0.102823
0.798482
0.680062
0.550832
0.324102
0.771234
0.635831
0.688017
0.016556
0.534053
0.601329
0.956024
0.539521
0.754034
0.549643
0.258285
0.179528
0.678533
0.952404
0.362531
0.246317
0.115456
0.007106
0.295518
0.632433
0.568316
0.723524
0.415524
0.062620
0.518617
0.920184
0.568316
0.867114
0.295346
0.476050
0.360105
0.855597
0.660329
0.904801
0.443939
0.222942
0.366743
0.649412
0.322940
0.749009
0.034043
0.489496
0.830684
0.769093
0.254448
0.148106
0.264667
0.701231
0.021733
0.468593
0.734939
0.947848
0.779018
0.910999
0.032020
0.573725
0.587335
0.584014
0.866134
0.477643
0.583721
0.182855
0.201530
0.803062
0.402733
0.260619
0.693509
0.450752
0.714105
0.913265
0.675828
0.938395
0.787967
0.517221
0.455204
0.996611
0.147992
0.077815
0.163413
0.416692
0.331652
0.690680
0.609244
0.767402
0.939500
0.094512
0.317866
0.369090
0.804249
0.542402
0.733618
0.702016
0.161164
0.021106
0.994746
0.515028
0.712392
0.524098
0.046180
0.169904
0.533954
0.821873
0.188019
0.911448
0.826961
0.748768
0.960191
0.192323
0.253493
0.901762
0.830046
0.886581
0.890238
0.806958
0.794486
0.595124
0.385657
0.658303
0.988967
0.302249
0.057520
0.000938
0.431546
0.937899
0.696239
0.025448
0.123127
0.189558
0.086477
0.430272
0.641660
0.655164
0.097494
0.704713
0.694479
0.059269
0.982616
0.237485
0.394648
0.686326
0.024252
0.504954
0.226286
0.268502
0.431056
0.861995
0.429585
0.549247
0.980959
0.870187
0.038920
0.513133
0.430566
0.913865
