0.846210
0.572386
0.365493
0.306615
0.371824
0.515041
0.266324
0.210009
0.934060
0.863121
0.121530
0.928155
0.150137
0.473871
0.063654
0.117621
0.877620
0.071758
0.770642
0.644708
0.760949
0.631452
0.858968
0.074143
0.368134
0.600184
0.862664
0.533350
0.578666
0.085262
0.089053
0.962858
0.228577
0.400614
0.620001
0.022497
0.795110
0.275140
0.799983
0.578981
0.932873
0.442254
0.437255
0.896572
0.862642
0.502706
0.513432
0.887534
0.679526
0.588401
0.321019
0.071769
0.164453
0.771679
0.460873
0.776610
0.787753
0.799503
0.281781
0.589099
0.366069
0.108578
0.744298
0.959584
0.333210
0.730190
0.276213
0.590160
0.742286
0.862479
0.295778
0.899484
0.846701
0.871538
0.160427
0.006701
0.826362
0.499694
0.773571
0.663246
0.750719
0.444649
0.154680
0.902738
0.827454
0.637740
0.391420
0.691628
0.630510
0.889358
0.721895
0.187348
0.501405
0.141468
0.716964
0.271430
0.938757
0.314470
0.469170
0.502515
0.599183
0.125588
0.735987
0.167944
0.047288
0.551956
0.186663
0.012563
0.462595
0.139855
0.440045
0.678537
0.009185
0.762240
0.616115
0.490537
0.857251
0.273690
0.495973
0.042496
0.441321
0.301745
0.304089
0.436867
0.517510
0.355596
0.947701
0.643304
0.595950
0.873806
0.515185
0.016045
0.781129
0.488663
0.046870
0.273084
0.434006
0.372359
0.650499
0.265898
0.027585
0.232825
0.632914
0.693166
0.189798
0.079336
0.011962
0.679409
0.809407
0.738729
0.081573
0.969963
0.341058
0.926209
0.433484
0.923778
0.709127
0.195702
0.818805
0.430702
0.723538
0.663297
0.630286
0.665947
0.927926
0.731002
0.828077
0.053243
0.275264
0.698044
0.037145
0.085554
0.260516
0.633777
0.935789
0.588809
0.707626
0.366770
0.922532
0.021151
0.569171
0.758918
0.507603
0.247630
