0.095563
0.172656
0.469700
0.822213
0.511793
0.492147
0.544781
0.436692
0.392931
0.773627
0.756837
0.317547
0.431953
0.927335
0.005742
0.276527
0.222538
0.806687
0.809518
0.672452
0.260055
0.250460
0.808693
0.341621
0.498121
0.283045
0.247513
0.007162
0.809819
0.436272
0.713007
0.087317
0.298967
0.446560
0.515160
0.444300
0.702624
0.009751
0.224402
0.985753
0.427213
0.776319
0.515382
0.403651
0.740158
0.170957
0.042892
0.783885
0.042277
0.310045
0.264674
0.029974
0.582930
0.292040
0.245342
0.197743
0.835178
0.047660
0.473138
0.781714
0.893929
0.761817
0.089267
0.938431
0.508139
0.367236
0.953003
0.804176
0.962793
0.223375
0.161242
0.514830
0.454133
0.042489
0.095563
0.737492
0.685648
0.391598
0.884700
0.774151
0.676669
0.233860
0.155367
0.245494
0.102031
0.377512
0.532630
0.571422
0.491537
0.488699
0.757031
0.025528
0.783598
0.981444
0.233786
0.849006
0.090487
0.094321
0.293069
0.802628
0.793711
0.413088
0.793006
0.774995
0.554859
0.951300
0.622620
0.680759
0.387913
0.685816
0.409653
0.038861
0.678925
0.581433
0.799620
0.745144
0.847106
0.349426
0.698413
0.856740
0.908679
0.555723
0.636635
0.917932
0.224677
0.436622
0.011604
0.675834
0.992339
0.779709
0.163148
0.379039
0.354128
0.837931
0.927539
0.853561
0.100298
0.461266
0.715957
0.979772
0.475905
0.786183
0.626185
0.743179
0.788982
0.500036
0.503774
0.042489
