0.804883
0.980302
0.210462
0.499167
0.556164
0.384284
0.732717
0.913721
0.180530
0.341295
0.758920
0.557029
0.232825
0.228209
0.340050
0.076718
0.230508
0.288007
0.518871
0.102114
0.735533
0.798545
0.975089
0.989316
0.189442
0.473629
0.867007
0.760784
0.724265
0.856300
0.199526
0.327785
0.363629
0.264635
0.857133
0.866193
0.002106
0.002519
0.387010
0.527216
0.673618
0.696084
0.778399
0.382249
0.508140
0.133011
0.577985
0.743970
0.718627
0.707351
0.932558
0.692331
0.603815
0.255008
0.528895
0.854630
0.505683
0.550134
0.294648
0.199115
0.524704
0.304825
0.507320
0.504866
0.330212
0.434719
0.231433
0.255508
0.975089
0.728023
0.254509
0.228668
0.739284
0.889074
0.641154
0.282562
0.280406
0.167976
0.144354
0.602017
0.426619
0.398747
0.218308
0.146586
0.152126
0.312923
0.726144
0.707351
0.113560
0.112009
0.961418
0.675485
0.179015
0.248089
0.069889
0.173057
0.190630
0.589499
0.915089
0.827157
0.124083
0.119944
0.750520
0.763576
0.330212
0.541582
0.315267
0.652234
0.728023
0.891349
0.234224
0.685772
0.651308
0.591280
0.363629
0.264635
0.659651
0.860450
0.290208
0.082701
0.297448
0.809385
0.480725
0.086974
0.812971
0.654086
0.725205
0.464274
0.849583
0.729901
0.800360
0.707351
0.233757
0.150479
0.248579
0.422972
0.581516
0.395963
0.876640
0.728962
0.533105
0.804883
0.437690
0.704533
0.618282
0.818321
0.913034
0.965807
0.155127
0.195442
0.745842
0.588609
0.561361
0.238461
0.618282
0.752389
0.659651
0.495928
0.809385
0.312340
0.078415
0.429552
0.379548
0.653159
0.757056
0.539880
0.184362
0.207048
0.893606
0.680157
0.713929
0.670819
0.056327
0.414308
0.194230
0.108209
0.273486
0.109716
0.283645
0.654086
0.250051
0.063587
0.354570
0.199938
0.249559
0.362976
0.761715
0.481518
0.698899
0.819209
0.028492
0.089287
0.654086
0.583285
0.382249
0.778399
0.997492
0.991200
0.019251
0.025191
0.071107
0.112266
0.808486
0.598428
0.967886
0.949117
0.850428
0.485494
0.743970
0.642996
0.717688
0.858795
0.020106
0.013868
0.319399
0.201593
0.786679
0.536486
0.689519
0.439181
0.842775
0.891349
0.994246
0.944235
0.944235
0.952750
0.323572
0.396657
0.793995
0.648534
0.078225
0.081907
0.643918
0.410734
0.920459
0.553576
0.680157
0.847040
0.887547
0.487090
0.374186
0.480725
0.967886
0.822752
0.863742
0.944789
0.997696
0.921120
0.728023
0.778399
0.157835
0.172324
0.659651
0.652234
0.116185
0.216985
0.254010
0.475987
0.742096
0.828035
0.840200
0.947516
0.229587
0.764505
0.044979
0.205779
0.341918
0.691394
0.022298
0.016977
0.525541
0.407891
0.847040
0.602017
0.223666
0.185137
0.885241
0.982623
0.480725
0.749585
0.920459
0.974737
0.796727
0.280406
0.003221
0.004210
0.498356
0.341918
0.223666
0.258523
0.598428
0.754256
0.948586
0.441423
0.954263
0.633802
0.047395
0.043581
0.011919
0.017330
0.973664
0.957206
0.593956
0.094289
0.689519
0.171228
0.480725
0.400844
0.091433
0.389749
0.035673
0.052028
0.873457
0.495120
0.594849
0.304253
0.933776
0.967064
0.172324
0.178261
0.806686
0.983445
0.568331
0.939699
0.688582
0.726144
0.129205
0.585057
0.792170
0.988278
0.457338
0.743033
0.686708
0.699838
0.506501
0.828035
0.114604
0.582400
0.682028
0.414308
0.194230
0.150808
0.167618
0.449712
0.504049
0.164421
0.586832
0.619191
0.103791
0.130366
0.712989
0.857965
0.625568
0.487889
0.773780
0.611935
0.159892
0.184362
0.357141
0.658723
0.513901
0.436946
0.620100
0.754256
0.628308
0.189048
0.910958
0.695145
