0.359480
0.674087
0.628150
0.052046
0.329926
0.027291
0.047198
0.213603
0.102090
0.679362
0.385367
0.298684
0.014899
0.558249
0.321830
0.369999
0.587473
0.933145
0.890917
0.021912
0.616619
0.128115
0.619395
0.949082
0.064239
0.553482
0.841189
0.690137
0.280089
0.222771
0.629295
0.880219
0.520861
0.977390
0.116968
0.578384
0.716638
0.353709
0.376868
0.399130
0.136658
0.775649
0.826881
0.232154
0.319131
0.821940
0.796655
0.293088
0.947317
0.938848
0.177682
0.832462
0.677101
0.312595
0.775668
0.819059
0.064511
0.728138
0.766538
0.013845
0.395537
0.465307
0.391708
0.485975
0.599099
0.291604
0.727373
0.389959
0.268970
0.276260
0.798402
0.675669
0.663935
0.308116
0.467030
0.727495
0.181020
0.881761
0.636257
0.405566
0.953399
0.653956
0.167061
0.576490
0.844918
0.865201
0.166856
0.381662
0.847148
0.542466
0.471609
0.638495
0.490696
0.722705
0.312830
0.595593
0.476504
0.212608
0.361971
0.311911
0.138659
0.591844
0.810816
0.862807
0.669940
0.405774
0.611692
0.834064
0.354373
0.099180
0.337139
0.771026
0.762027
0.010747
0.198269
0.473894
0.007633
0.341454
0.365577
0.942994
0.341817
0.754715
0.861837
0.141114
0.897147
0.573086
0.966343
0.094723
0.113706
0.636569
0.478759
0.144173
0.847722
0.492168
0.861183
0.190863
0.158065
0.014358
0.161580
0.982704
0.311295
0.865930
0.535578
0.444199
0.832259
0.626102
0.816780
0.091094
0.392834
0.956751
0.307042
0.287661
0.274293
0.434182
0.656324
0.648208
0.073137
0.707071
0.009370
0.525097
0.453380
0.240719
0.122305
0.656438
0.157478
0.094151
0.072734
0.317699
0.587847
0.640444
0.656458
0.989725
0.073960
0.983499
0.203805
0.597901
0.041950
0.073561
0.443535
0.717630
0.791447
0.901461
0.012949
0.704930
