0.604891
0.813592
0.337863
0.773997
0.792141
0.571016
0.534554
0.340065
0.535884
0.814364
0.941932
0.865495
0.343426
0.494578
0.265306
0.856541
0.376943
0.260956
0.283104
0.293384
0.385635
0.258876
0.772900
0.869011
0.445429
0.964813
0.255129
0.020660
0.401724
0.935657
0.667455
0.587052
0.313043
0.269930
0.669478
0.428471
0.279829
0.815507
0.937505
0.920317
0.089953
0.790266
0.770446
0.399801
0.693621
0.281334
0.314468
0.118547
0.251688
0.388102
0.942866
0.414397
0.979803
0.006130
0.862759
0.794259
0.840262
0.183830
0.799940
0.140358
0.313785
0.782279
0.995852
0.189806
0.679150
0.031315
0.724908
0.545907
0.281657
0.207520
0.084601
0.397077
0.008192
0.174334
0.604891
0.472918
0.270699
0.146375
0.679747
0.533535
0.454490
0.187971
0.303575
0.004221
0.407250
0.721040
0.044040
0.238457
0.785764
0.241332
0.175390
0.447229
0.191035
0.168894
0.756018
0.066624
0.533787
0.655150
0.619857
0.390877
0.029779
0.511561
0.124214
0.335342
0.211233
0.048876
0.933367
0.223275
0.655317
0.616033
0.617024
0.686183
0.047030
0.359471
0.274417
0.650757
0.902761
0.507121
0.246352
0.206715
0.675335
0.102736
0.510023
0.374971
0.450454
0.479824
0.494996
0.171318
0.640107
0.143314
0.771548
0.001013
0.386351
0.087123
0.128723
0.233497
0.743706
0.486619
0.667748
0.272101
0.202707
0.502807
0.329833
0.666015
0.140018
0.589137
0.038514
0.174334
