0.606690
0.438404
0.021186
0.445310
0.834458
0.140764
0.149249
0.414395
0.216834
0.459186
0.680914
0.570895
0.592055
0.253408
0.870840
0.128320
0.128339
0.683181
0.400338
0.117963
0.185524
0.713970
0.773504
0.680490
0.410794
0.078979
0.387816
0.184471
0.710464
0.692798
0.105058
0.450518
0.887337
0.653056
0.692345
0.756967
0.577085
0.805829
0.766990
0.998242
0.443396
0.564501
0.470409
0.198982
0.443869
0.888897
0.825166
0.807158
0.138110
0.636750
0.449400
0.525320
0.821511
0.160035
0.452294
0.997993
0.785168
0.948896
0.730205
0.199652
0.763922
0.202684
0.729320
0.706769
0.139432
0.646777
0.055771
0.720521
0.932802
0.432808
0.183002
0.885017
0.061536
0.157656
0.603094
0.327454
0.589399
0.712590
0.057275
0.427156
0.120418
0.202319
0.374114
0.697437
0.396429
0.392737
0.322710
0.270514
0.825823
0.100818
0.170712
0.635400
0.352245
0.418633
0.243844
0.127892
0.755141
0.163750
0.707728
0.348178
0.458035
0.432766
0.938189
0.406687
0.707087
0.987724
0.684377
0.287538
0.872949
0.533339
0.807413
0.543434
0.391233
0.473999
0.673536
0.728432
0.246577
0.043185
0.892759
0.723410
0.425015
0.565200
0.983116
0.283156
0.603265
0.730839
0.589217
0.839263
0.304409
0.275710
0.298814
0.674636
0.787287
0.986715
0.403888
0.849168
0.296153
0.885227
0.024483
0.768980
0.469776
0.037001
0.101689
0.901135
0.721976
0.460301
0.078835
0.157656
